primal = '((1 2 3 4 5 6 7 8))
dual = '((8) (7) (6) (5) (4) (3) (2) (1))
dual frequency = 1/8
primal frequency = 1
primal length = 1
dual length = 8
#nodes = 1
"-------"
primal = '((2 3 4 8) (1 5 6 7))
dual = '((7 8) (6 8) (5 8) (4 7) (4 6) (4 5) (3 7) (3 6) (3 5) (2 7) (2 6) (2 5) (1 8) (1 4) (1 3) (1 2))
dual frequency = 1/4
primal frequency = 1/2
primal length = 2
dual length = 16
#nodes = 7
"-------"
primal = '((3 4 5 7 8) (1 2 4 5 6) (1 2 3 7))
dual = '((6 7) (5 7) (4 7) (3 6) (3 5) (3 4) (2 8) (2 7) (2 5) (2 4) (2 3) (1 8) (1 7) (1 5) (1 4) (1 3))
dual frequency = 5/16
primal frequency = 2/3
primal length = 3
dual length = 16
#nodes = 6
"-------"
primal = '((3 6 7 8) (2 4 6 7) (1 3 4 5) (1 2 5 8))
dual = '((5 7) (5 6) (4 8) (3 7 8) (3 6 8) (3 4 5) (2 5 8) (2 4 7) (2 4 6) (2 3) (1 7) (1 6) (1 3 4) (1 2 8))
dual frequency = 5/14
primal frequency = 1/2
primal length = 4
dual length = 14
#nodes = 16
"-------"
primal = '((3 5 6 8) (2 4 6 7) (1 5 6 7) (1 3 4 8) (1 2 5 8))
dual = '((7 8) (6 8) (4 5) (3 5 7) (3 5 6) (2 5 8) (2 4 6) (2 3 7) (2 3 6) (2 3 5) (1 6) (1 5 7) (1 4 8) (1 3 7) (1 3 4) (1 2 8) (1 2 5) (1 2 3))
dual frequency = 4/9
primal frequency = 3/5
primal length = 5
dual length = 18
#nodes = 24
"-------"
primal = '((3 6 7 8) (3 4 5 6) (2 4 6 7) (1 3 4 8) (1 2 5 8) (1 2 5 7))
dual = '((6 7 8) (5 7 8) (5 6 8) (4 7 8) (4 5 8) (4 5 7) (4 5 6) (3 7 8) (3 5 7) (3 5 6) (3 4 5) (2 6 8) (2 5 8) (2 4 8) (2 4 7) (2 4 6) (2 3) (1 6) (1 5 7) (1 4 8) (1 4 7) (1 3 7) (1 3 4))
dual frequency = 11/23
primal frequency = 1/2
primal length = 6
dual length = 23
#nodes = 19
"-------"
primal = '((4 5 7 8) (3 4 6 7) (2 3 4 5 6) (1 3 4 8) (1 2 6 7) (1 2 5 6) (1 2 3 5))
dual = '((5 7 8) (5 6 8) (4 5 7) (4 5 6) (3 6 8) (3 6 7) (3 5 7) (3 5 6) (3 4 6) (2 7 8) (2 6 8) (2 4) (2 3 8) (2 3 7) (2 3 5) (1 6 8) (1 6 7) (1 5 7) (1 5 6) (1 4) (1 3 8) (1 3 7) (1 3 5) (1 2 7))
dual frequency = 11/24
primal frequency = 4/7
primal length = 7
dual length = 24
#nodes = 24
"-------"
primal = '((4 5 7 8) (3 4 6 8) (3 4 6 7) (2 5 6 8) (1 3 6 7) (1 2 5 8) (1 2 4 7) (1 2 3 5))
dual = '((5 7 8) (5 6 7) (4 5 7) (4 5 6) (3 7 8) (3 5 7) (3 4 8) (3 4 5) (2 7 8) (2 6 8) (2 6 7) (2 5 6) (2 4 7) (2 4 6) (2 3 8) (2 3 7) (2 3 5) (2 3 4) (1 7 8) (1 6 8) (1 6 7) (1 5 6) (1 4 8) (1 4 6) (1 4 5) (1 3 8) (1 3 5) (1 2 4))
dual frequency = 11/28
primal frequency = 1/2
primal length = 8
dual length = 28
#nodes = 20
"-------"
primal = '((4 5 6 7) (3 5 6 7) (3 4 7 8) (2 3 6 8) (1 3 6 8) (1 3 4 8) (1 2 5 8) (1 2 4 7) (1 2 4 5))
dual = '((5 7 8) (4 7 8) (4 6 8) (4 5 8) (4 5 6) (3 5 7) (3 4 8) (3 4 5) (2 7 8) (2 6 8) (2 5 8) (2 4 6) (2 3 7) (2 3 6) (2 3 5) (2 3 4) (1 7 8) (1 6 8) (1 6 7) (1 5 8) (1 4 6) (1 3 7) (1 3 6) (1 3 5) (1 3 4) (1 2 7) (1 2 4 5))
dual frequency = 11/27
primal frequency = 5/9
primal length = 9
dual length = 27
#nodes = 21
"-------"
primal = '((4 6 7 8) (4 5 7 8) (3 4 7 8) (2 5 6 8) (2 3 4 6) (1 5 6 8) (1 3 5 7) (1 2 4 7) (1 2 3 6) (1 2 3 5))
dual = '((5 6 7) (4 5 6) (3 7 8) (3 6 7) (3 5 7) (3 4 8) (3 4 6) (3 4 5) (2 7 8) (2 6 7) (2 5 8) (2 5 7) (2 4 5) (2 3 8) (2 3 5 6) (1 6 8) (1 6 7) (1 4 8) (1 4 6) (1 4 5) (1 3 8) (1 3 5 6) (1 2 8) (1 2 7) (1 2 4))
dual frequency = 2/5
primal frequency = 1/2
primal length = 10
dual length = 25
#nodes = 28
"-------"
primal = '((5 6 7 8) (3 4 7 8) (3 4 5 6) (2 5 6 8) (2 4 5 6) (1 3 5 8) (1 3 4 6) (1 2 7 8) (1 2 4 5) (1 2 3 8) (1 2 3 7))
dual = '((5 6 7 8) (4 7 8) (3 5 8) (3 5 7) (3 4 8) (3 4 6 7) (2 6 8) (2 5 6 7) (2 4 8) (2 4 5) (2 3 8) (2 3 7) (2 3 6) (2 3 5) (1 6 8) (1 6 7) (1 5 8) (1 5 7) (1 4 8) (1 4 6) (1 4 5) (1 3 6) (1 3 5) (1 2 4 7))
dual frequency = 5/12
primal frequency = 6/11
primal length = 11
dual length = 24
#nodes = 23
"-------"
primal = '((4 6 7 8) (3 4 7 8) (3 4 5 6) (2 5 6 8) (2 4 5 6) (2 3 4 6) (1 5 7 8) (1 3 5 7) (1 3 4 6) (1 2 7 8) (1 2 5 8) (1 2 3 7))
dual = '((6 7 8) (5 6 7) (4 7 8) (4 5 7) (3 6 8) (3 5 8) (3 5 7) (3 4 8) (2 6 7) (2 5 6 8) (2 4 7) (2 4 5) (2 3 8) (2 3 7) (2 3 5 6) (1 6 8) (1 6 7) (1 4 8) (1 4 6) (1 4 5) (1 3 6) (1 2 5 8) (1 2 5 7) (1 2 4))
dual frequency = 5/12
primal frequency = 1/2
primal length = 12
dual length = 24
#nodes = 25
"-------"
primal = '((5 6 7 8) (4 5 6 8) (3 4 6 7) (2 3 5 8) (2 3 4 7) (2 3 4 5) (1 5 6 7) (1 4 7 8) (1 3 6 7) (1 3 4 6) (1 2 5 7) (1 2 4 6) (1 2 3 8))
dual = '((5 6 7 8) (4 7 8) (4 5 6 8) (3 6 7) (3 5 6 8) (3 4 7) (3 4 5) (2 6 8) (2 6 7) (2 4 7) (2 4 6) (2 3 7 8) (2 3 5 8) (2 3 5 7) (1 5 7) (1 4 8) (1 4 5) (1 3 8) (1 3 6) (1 3 5) (1 2 7 8) (1 2 6))
dual frequency = 5/11
primal frequency = 7/13
primal length = 13
dual length = 22
#nodes = 25
"-------"
primal = '((4 5 6 8) (3 5 6 7) (3 4 6 8) (3 4 5 7) (2 4 5 7) (2 3 5 6) (2 3 4 7) (1 5 6 8) (1 3 7 8) (1 3 4 8) (1 2 7 8) (1 2 6 7) (1 2 5 6) (1 2 4 8))
dual = '((6 7 8) (5 7 8) (4 6 8) (4 6 7) (4 5 7) (3 5 6 8) (2 7 8) (2 5 8) (2 3 8) (2 3 6) (2 3 5) (1 6 7) (1 4 6) (1 4 5) (1 3 7 8) (1 3 5) (1 3 4) (1 2 5 6) (1 2 4 7))
dual frequency = 8/19
primal frequency = 1/2
primal length = 14
dual length = 19
#nodes = 26
"-------"
primal = '((4 5 7 8) (4 5 6 8) (3 5 6 8) (3 4 6 7) (2 4 6 8) (2 4 5 7) (2 3 6 8) (1 4 7 8) (1 3 7 8) (1 3 6 7) (1 3 4 5) (1 2 7 8) (1 2 6 7) (1 2 4 5) (1 2 3 5 6))
dual = '((5 7 8) (5 6 8) (5 6 7) (4 6 8) (4 6 7) (3 4 7) (2 5 7) (2 4 7 8) (2 3 8) (2 3 6 7) (2 3 4) (1 7 8) (1 6 7) (1 5 6) (1 4 8) (1 4 6) (1 3 5 8) (1 3 4) (1 2 6 8) (1 2 4 5) (1 2 3 5))
dual frequency = 10/21
primal frequency = 8/15
primal length = 15
dual length = 21
#nodes = 35
"-------"
primal = '((5 6 7 8) (4 5 7 8) (3 4 6 7) (3 4 5 7) (2 5 7 8) (2 3 6 7) (2 3 5 8) (2 3 4 6) (1 4 5 8) (1 4 5 7) (1 3 5 6) (1 3 4 6) (1 2 7 8) (1 2 6 8) (1 2 4 8) (1 2 3 6))
dual = '((6 7 8) (5 6 8) (4 6 8) (4 5 6 7) (3 7 8) (3 5 8) (3 4 8) (3 4 6 7) (2 5 6) (2 4 6) (2 4 5) (2 3 5) (2 3 4 7) (1 5 6) (1 4 7 8) (1 4 5 7) (1 3 8) (1 3 7) (1 3 5) (1 2 7) (1 2 4 8))
dual frequency = 10/21
primal frequency = 1/2
primal length = 16
dual length = 21
#nodes = 26
"-------"
primal = '((5 6 7 8) (3 5 7 8) (3 5 6 8) (3 4 6 7) (2 4 7 8) (2 4 5 6 8) (2 3 5 7) (2 3 4 7) (1 6 7 8) (1 4 6 7) (1 4 5 8) (1 3 5 8) (1 2 6 8) (1 2 5 6) (1 2 4 5) (1 2 3 6) (1 2 3 4))
dual = '((4 6 7 8) (4 5 6) (3 5 7 8) (3 5 6 8) (3 5 6 7) (3 4 6) (3 4 5 8) (2 7 8) (2 6 8) (2 5 7) (2 5 6) (2 4 8) (2 3 4 7) (1 7 8) (1 6 7) (1 5 7) (1 4 5) (1 3 8) (1 3 4 7) (1 2 3 7) (1 2 3 6) (1 2 3 5))
dual frequency = 1/2
primal frequency = 9/17
primal length = 17
dual length = 22
#nodes = 28
"-------"
primal = '((5 6 7 8) (4 6 7 8) (4 5 6 8) (3 6 7 8) (3 5 6 8) (2 5 6 8) (2 4 5 7) (2 3 4 7) (2 3 4 6) (1 4 6 7) (1 3 5 8) (1 3 5 7) (1 3 4 5) (1 2 7 8) (1 2 6 7) (1 2 4 8) (1 2 3 5) (1 2 3 4))
dual = '((4 5 7) (4 5 6 8) (3 7 8) (3 5 6 8) (3 4 6 8) (3 4 6 7) (2 5 7) (2 5 6) (2 4 7 8) (2 4 5 8) (2 3 6) (2 3 4 8) (2 3 4 7) (2 3 4 5) (1 6 7) (1 4 8) (1 4 6) (1 3 5 8) (1 3 5 7) (1 3 5 6) (1 3 4 5) (1 2 8) (1 2 6))
dual frequency = 12/23
primal frequency = 1/2
primal length = 18
dual length = 23
#nodes = 30
"-------"
primal = '((5 6 7 8) (4 6 7 8) (4 5 6 8) (3 5 6 8) (3 4 6 8) (2 5 6 8) (2 3 6 7) (2 3 4 7) (2 3 4 6) (1 4 5 7) (1 3 7 8) (1 3 5 7) (1 3 4 5) (1 2 7 8) (1 2 6 7) (1 2 4 8) (1 2 4 5) (1 2 3 7) (1 2 3 5))
dual = '((5 6 7 8) (4 5 7) (3 5 7 8) (3 5 6 8) (3 4 7 8) (3 4 6 8) (3 4 6 7) (2 5 8) (2 5 6 7) (2 4 7 8) (2 4 6 7) (2 3 7 8) (2 3 6 7) (2 3 5 7) (2 3 5 6) (2 3 4 8) (2 3 4 7) (2 3 4 6) (2 3 4 5) (1 6 7) (1 4 7 8) (1 4 6) (1 3 8) (1 3 6) (1 3 5 7) (1 3 4 5) (1 2 8) (1 2 6) (1 2 4 5))
dual frequency = 17/29
primal frequency = 10/19
primal length = 19
dual length = 29
#nodes = 30
"-------"
primal = '((4 6 7 8) (4 5 6 7) (3 6 7 8) (3 4 6 8) (3 4 5 8) (3 4 5 7) (3 4 5 6) (2 5 6 7) (2 4 5 7) (2 3 4 7) (1 5 7 8) (1 5 6 7) (1 3 6 8) (1 2 6 8) (1 2 5 8) (1 2 4 8) (1 2 4 5) (1 2 3 8) (1 2 3 7) (1 2 3 6))
dual = '((5 6 7 8) (4 6 7 8) (3 5 8) (3 4 7 8) (3 4 6 8) (3 4 5 6) (2 6 7 8) (2 5 8) (2 5 6) (2 4 7 8) (2 4 6 8) (2 4 6 7) (2 3 7) (2 3 6 8) (2 3 4 5) (1 6 7 8) (1 5 7 8) (1 5 6 7) (1 4 7) (1 4 6) (1 4 5 8) (1 3 7) (1 3 5 6) (1 3 4 5) (1 2 4 8) (1 2 3 6) (1 2 3 4))
dual frequency = 14/27
primal frequency = 1/2
primal length = 20
dual length = 27
#nodes = 31
"-------"
primal = '((3 5 6 8) (3 5 6 7) (3 4 7 8) (3 4 6 8) (3 4 5 6) (2 6 7 8) (2 4 6 8) (2 4 5 8) (2 4 5 7) (2 3 6 7) (1 5 7 8) (1 5 6 8) (1 4 6 7) (1 4 5 8) (1 3 7 8) (1 3 5 7) (1 2 6 7) (1 2 4 5) (1 2 3 7) (1 2 3 6) (1 2 3 4))
dual = '((4 6 7) (3 5 7 8) (3 5 6) (3 4 7 8) (3 4 6 8) (3 4 5 7) (2 6 7 8) (2 5 7 8) (2 5 6 8) (2 5 6 7) (2 4 7 8) (2 4 5 8) (2 4 5 7) (2 3 7 8) (2 3 6 8) (2 3 5 7) (2 3 4 8) (2 3 4 5) (1 6 7 8) (1 5 7 8) (1 5 6 8) (1 5 6 7) (1 4 7 8) (1 4 6) (1 4 5 7) (1 3 7 8) (1 3 5 8) (1 3 4 8) (1 3 4 7) (1 2 6 8) (1 2 6 7) (1 2 5 8) (1 2 4 5) (1 2 3))
dual frequency = 10/17
primal frequency = 11/21
primal length = 21
dual length = 34
#nodes = 34
"-------"
primal = '((3 4 7 8) (3 4 5 8) (3 4 5 7) (3 4 5 6) (2 6 7 8) (2 5 7 8) (2 5 6 8) (2 4 6 7) (2 3 7 8) (2 3 6 7) (2 3 5 6) (1 6 7 8) (1 5 7 8) (1 5 6 8) (1 4 6 7) (1 4 5 8) (1 3 5 6) (1 3 4 6) (1 2 4 8) (1 2 4 7) (1 2 3 5) (1 2 3 4))
dual = '((4 5 7) (4 5 6 8) (3 7 8) (3 4 8) (3 4 6 7) (3 4 5 6) (2 6 7 8) (2 5 6 8) (2 5 6 7) (2 4 6 8) (2 4 6 7) (2 4 5 8) (2 4 5 6) (2 3 6 8) (2 3 5 7) (2 3 5 6) (1 6 7 8) (1 5 7) (1 5 6 8) (1 4 6 8) (1 4 6 7) (1 3 6 8) (1 3 6 7) (1 3 5 6) (1 2 5 8) (1 2 4) (1 2 3))
dual frequency = 2/3
primal frequency = 1/2
primal length = 22
dual length = 27
#nodes = 34
"-------"
primal = '((3 5 7 8) (3 4 7 8) (2 6 7 8) (2 5 7 8) (2 5 6 7) (2 4 6 8) (2 4 5 8) (2 3 7 8) (2 3 6 8) (2 3 4 7) (2 3 4 5) (1 5 7 8) (1 5 6 8) (1 4 6 8) (1 4 6 7) (1 4 5 7) (1 3 6 8) (1 3 5 6) (1 3 4 6) (1 3 4 5) (1 2 4 5) (1 2 3 7) (1 2 3 6))
dual = '((5 6 7) (4 6 7) (3 5 7 8) (3 5 6) (3 4 7 8) (3 4 6 8) (3 4 5 8) (3 4 5 7) (2 5 6 8) (2 4 6 8) (2 4 5 8) (2 4 5 6) (2 3 7 8) (2 3 6 7) (2 3 4 8) (2 3 4 5) (1 5 7 8) (1 4 7 8) (1 4 6 8) (1 4 5 8) (1 3 7 8) (1 3 6 8) (1 3 5 8) (1 3 4 7) (1 2 8) (1 2 7) (1 2 4 5) (1 2 3))
dual frequency = 17/28
primal frequency = 12/23
primal length = 23
dual length = 28
#nodes = 34
"-------"
primal = '((4 5 7 8) (4 5 6 8) (3 5 7 8) (3 5 6 7) (3 4 6 7) (2 6 7 8) (2 4 6 7) (2 4 5 7) (2 4 5 6) (2 3 6 8) (2 3 4 6) (2 3 4 5) (1 5 7 8) (1 4 5 7) (1 3 7 8) (1 3 6 8) (1 3 5 8) (1 3 4 6) (1 3 4 5) (1 2 7 8) (1 2 6 8) (1 2 6 7) (1 2 4 5) (1 2 3 8))
dual = '((5 6 8) (4 7 8) (4 6 8) (3 5 7 8) (3 5 6 7) (3 4 6 7) (2 5 6 7) (2 4 5 8) (2 3 7 8) (2 3 6 7) (2 3 5) (2 3 4 8) (2 3 4 7) (1 5 6) (1 4 6 7) (1 4 5 8) (1 3 6 7) (1 3 5 7) (1 3 4 8) (1 3 4 7) (1 3 4 6) (1 2 7 8) (1 2 6 8) (1 2 6 7) (1 2 5 7) (1 2 4 7) (1 2 4 5) (1 2 3 8) (1 2 3 4))
dual frequency = 16/29
primal frequency = 1/2
primal length = 24
dual length = 29
#nodes = 36
"-------"
primal = '((3 6 7 8) (3 5 6 8) (3 4 7 8) (3 4 5 6) (2 6 7 8) (2 5 6 8) (2 4 7 8) (2 4 5 7) (2 4 5 6) (2 3 5 7) (2 3 5 6) (2 3 4 7) (1 5 6 8) (1 4 5 8) (1 4 5 7) (1 3 7 8) (1 3 6 7) (1 3 5 8) (1 3 5 6) (1 3 4 8) (1 3 4 7) (1 2 6 8) (1 2 6 7) (1 2 4 8) (1 2 4 7))
dual = '((6 7 8) (5 7 8) (4 5 6 8) (4 5 6 7) (3 4 7 8) (3 4 6) (2 4 6 8) (2 4 5 7) (2 3 7 8) (2 3 5) (2 3 4 8) (1 6 7) (1 5 7) (1 4 5 8) (1 4 5 6) (1 3 5 8) (1 3 4 8) (1 2 6 8) (1 2 5 8) (1 2 4 8) (1 2 4 6) (1 2 3))
dual frequency = 13/22
primal frequency = 13/25
primal length = 25
dual length = 22
#nodes = 31
"-------"
primal = '((4 6 7 8) (4 5 6 8) (3 5 7 8) (3 5 6 7) (3 4 5 6) (2 5 6 7) (2 4 7 8) (2 3 7 8) (2 3 6 7) (2 3 5 6) (2 3 4 8) (2 3 4 7) (2 3 4 5) (1 6 7 8) (1 4 6 8) (1 4 6 7) (1 4 5 8) (1 4 5 6) (1 3 7 8) (1 3 5 8) (1 3 5 7) (1 2 6 8) (1 2 5 6) (1 2 4 7) (1 2 4 5) (1 2 3 8))
dual = '((5 7 8) (4 6 7 8) (4 5 6 8) (3 5 6 7) (3 4 6) (3 4 5 8) (2 6 7 8) (2 5 6 8) (2 5 6 7) (2 4 7 8) (2 4 5 8) (2 4 5 7) (2 3 6 8) (2 3 5 6) (2 3 4 8) (2 3 4 7) (1 4 6 8) (1 4 6 7) (1 4 5 7) (1 3 7 8) (1 3 6 8) (1 3 6 7) (1 3 5 8) (1 3 5 7) (1 3 4 7) (1 3 4 5) (1 2 6 8) (1 2 6 7) (1 2 5 8) (1 2 5 7) (1 2 5 6) (1 2 4 7) (1 2 4 5) (1 2 3 8) (1 2 3 6) (1 2 3 4))
dual frequency = 5/9
primal frequency = 1/2
primal length = 26
dual length = 36
#nodes = 34
"-------"
primal = '((5 6 7 8) (4 5 6 8) (3 6 7 8) (3 5 7 8) (3 5 6 7) (3 4 5 6) (2 5 6 8) (2 5 6 7) (2 4 6 8) (2 4 5 8) (2 4 5 6) (2 3 5 6) (2 3 4 5) (1 4 7 8) (1 4 6 8) (1 4 5 7) (1 3 6 8) (1 3 5 8) (1 3 4 8) (1 3 4 7) (1 3 4 6) (1 2 7 8) (1 2 6 7) (1 2 5 7) (1 2 4 7) (1 2 3 7) (1 2 3 4))
dual = '((4 6 7 8) (4 5 7 8) (4 5 6 7) (3 6 7 8) (3 5 7 8) (3 5 6 7) (3 4 7 8) (3 4 6 7) (3 4 5 7) (3 4 5 6 8) (2 6 7 8) (2 4 7 8) (2 4 6 8) (2 4 5 8) (2 4 5 6) (2 3 7 8) (2 3 6 7) (2 3 5 8) (2 3 4 8) (2 3 4 7) (2 3 4 6) (2 3 4 5) (1 5 8) (1 5 6) (1 4 6 8) (1 4 6 7) (1 4 5 7) (1 3 6 8) (1 3 4 6) (1 3 4 5) (1 2 6 8) (1 2 6 7) (1 2 5 7) (1 2 4 7) (1 2 3 8) (1 2 3 6) (1 2 3 5))
dual frequency = 21/37
primal frequency = 14/27
primal length = 27
dual length = 37
#nodes = 33
"-------"
primal = '((5 6 7 8) (4 6 7 8) (4 5 6 7) (3 6 7 8) (3 5 6 8) (3 4 5 8) (2 5 6 8) (2 4 6 7) (2 4 5 7) (2 3 7 8) (2 3 6 8) (2 3 6 7) (2 3 5 7) (2 3 4 8) (1 5 7 8) (1 5 6 8) (1 5 6 7) (1 4 6 7) (1 3 5 8) (1 3 4 8) (1 3 4 6) (1 3 4 5) (1 2 5 8) (1 2 4 7) (1 2 4 6) (1 2 4 5) (1 2 3 7) (1 2 3 4))
dual = '((4 7 8) (4 5 6 7) (3 5 6 7) (3 4 6 8) (3 4 5) (2 5 6 8) (2 4 6 8) (2 4 5 8) (2 4 5 7) (2 4 5 6) (2 3 7 8) (2 3 6 8) (2 3 6 7) (2 3 5 7) (2 3 5 6) (1 7 8) (1 5 6 8) (1 4 6 7) (1 3 6 7) (1 3 5 7) (1 3 5 6) (1 3 4 8) (1 3 4 6) (1 2 6 8) (1 2 5 8) (1 2 5 7) (1 2 5 6) (1 2 4 8) (1 2 4 6) (1 2 3 7) (1 2 3 6))
dual frequency = 18/31
primal frequency = 1/2
primal length = 28
dual length = 31
#nodes = 33
"-------"
primal = '((4 6 7 8) (4 5 7 8) (3 6 7 8) (3 4 7 8) (3 4 6 8) (3 4 6 7) (2 5 6 8) (2 5 6 7) (2 4 6 8) (2 4 5 7) (2 4 5 6) (2 3 5 8) (2 3 5 7) (2 3 4 5) (1 5 7 8) (1 5 6 7) (1 4 7 8) (1 4 6 8) (1 4 6 7) (1 3 5 8) (1 3 5 7) (1 3 5 6) (1 3 4 8) (1 3 4 6) (1 2 6 8) (1 2 5 8) (1 2 4 7) (1 2 3 7) (1 2 3 6))
dual = '((5 6 7 8) (4 6 7 8) (4 5 6 7) (3 6 7 8) (3 5 7 8) (3 5 6 7) (3 4 7 8) (3 4 6 8) (3 4 5 8) (3 4 5 6) (2 6 7 8) (2 5 6 8) (2 4 5 8) (2 4 5 7) (2 4 5 6) (2 3 7 8) (2 3 6 8) (2 3 6 7) (2 3 4 7) (2 3 4 5) (1 5 7 8) (1 5 6 8) (1 5 6 7) (1 4 7 8) (1 4 5 8) (1 4 5 7) (1 4 5 6) (1 3 6 7) (1 3 5 8) (1 3 5 6) (1 3 4 6) (1 3 4 5) (1 2 7 8) (1 2 6 8) (1 2 6 7) (1 2 4 8) (1 2 4 7) (1 2 4 6) (1 2 3 8) (1 2 3 7) (1 2 3 4))
dual frequency = 21/41
primal frequency = 15/29
primal length = 29
dual length = 41
#nodes = 34
"-------"
primal = '((4 6 7 8) (4 5 7 8) (3 6 7 8) (3 4 7 8) (3 4 6 7) (3 4 5 6) (2 5 6 8) (2 5 6 7) (2 4 6 8) (2 4 5 8) (2 4 5 7) (2 3 6 8) (2 3 5 7) (2 3 5 6) (2 3 4 5) (1 5 7 8) (1 5 6 7) (1 4 7 8) (1 4 6 8) (1 4 6 7) (1 3 5 8) (1 3 5 7) (1 3 5 6) (1 3 4 6) (1 2 6 8) (1 2 5 8) (1 2 4 7) (1 2 3 8) (1 2 3 7) (1 2 3 4))
dual = '((4 6 7 8) (4 5 7 8) (3 7 8) (3 5 6 7) (3 4 6 8) (3 4 5 8) (3 4 5 6) (2 6 7 8) (2 5 6 8) (2 5 6 7) (2 4 5 8) (2 4 5 7) (2 4 5 6) (2 3 6 8) (2 3 6 7) (2 3 4 7) (2 3 4 5) (1 5 7 8) (1 5 6 8) (1 5 6 7) (1 4 6 7) (1 4 5 8) (1 4 5 6) (1 3 5 8) (1 3 5 6) (1 3 4 6) (1 3 4 5) (1 2 6 8) (1 2 6 7) (1 2 5 7) (1 2 4 8) (1 2 4 7) (1 2 4 6) (1 2 3 8) (1 2 3 7) (1 2 3 4))
dual frequency = 19/36
primal frequency = 1/2
primal length = 30
dual length = 36
#nodes = 35
"-------"
primal = '((4 6 7 8) (3 6 7 8) (3 4 7 8) (3 4 6 8) (3 4 6 7) (3 4 5 6) (2 5 7 8) (2 5 6 8) (2 5 6 7) (2 4 6 8) (2 4 5 8) (2 4 5 7) (2 4 5 6) (2 3 5 8) (2 3 5 7) (1 6 7 8) (1 4 7 8) (1 4 6 8) (1 4 5 6) (1 3 7 8) (1 3 5 8) (1 3 5 7) (1 3 5 6) (1 3 4 6) (1 2 6 8) (1 2 5 7) (1 2 4 7) (1 2 3 7) (1 2 3 6) (1 2 3 5) (1 2 3 4))
dual = '((4 5 6 7) (3 6 7 8) (3 5 7 8) (3 5 6 7) (3 4 7 8) (3 4 6 7) (3 4 5 8) (3 4 5 6) (2 6 7 8) (2 5 6 8) (2 5 6 7) (2 4 5 8) (2 4 5 7) (2 3 6 8) (2 3 6 7) (2 3 5 8) (2 3 4 8) (2 3 4 7) (2 3 4 6) (1 6 7 8) (1 5 7 8) (1 5 6 8) (1 5 6 7) (1 4 7 8) (1 4 5 8) (1 4 5 7) (1 4 5 6) (1 3 5 8) (1 3 5 6) (1 3 4 6 8) (1 3 4 5) (1 2 6 8) (1 2 6 7) (1 2 4 8) (1 2 4 7) (1 2 4 6) (1 2 3 8) (1 2 3 7) (1 2 3 6) (1 2 3 4))
dual frequency = 21/40
primal frequency = 16/31
primal length = 31
dual length = 40
#nodes = 29
"-------"
primal = '((5 6 7 8) (3 5 6 8) (3 5 6 7) (3 4 7 8) (3 4 6 8) (3 4 6 7) (3 4 5 8) (3 4 5 7) (3 4 5 6) (2 5 7 8) (2 5 6 8) (2 4 7 8) (2 4 6 8) (2 4 5 6) (2 3 5 7) (2 3 4 5) (1 5 7 8) (1 4 7 8) (1 4 6 8) (1 4 5 8) (1 4 5 7) (1 3 6 7) (1 3 5 6) (1 2 7 8) (1 2 6 8) (1 2 6 7) (1 2 4 7) (1 2 4 6) (1 2 3 8) (1 2 3 7) (1 2 3 6) (1 2 3 5))
dual = '((5 6 7 8) (3 6 7 8) (3 5 6 7) (3 4 7 8) (3 4 6 8) (3 4 6 7) (2 6 7 8) (2 5 7 8) (2 5 6 8) (2 5 6 7) (2 4 6 8) (2 4 6 7) (2 4 5 7) (2 4 5 6) (2 3 7 8) (2 3 5 8) (2 3 4 8) (2 3 4 7) (2 3 4 5) (1 5 7 8) (1 5 6 8) (1 5 6 7) (1 4 7 8) (1 4 6 7) (1 4 5) (1 3 6 8) (1 3 6 7) (1 3 5 8) (1 3 4 8) (1 2 4 6) (1 2 3 8) (1 2 3 7) (1 2 3 6) (1 2 3 5))
dual frequency = 9/17
primal frequency = 1/2
primal length = 32
dual length = 34
#nodes = 33
"-------"
primal = '((4 6 7 8) (4 5 7 8) (3 6 7 8) (3 5 6 7) (3 4 7 8) (3 4 6 8) (3 4 5 7) (2 5 7 8) (2 4 6 8) (2 4 5 8) (2 4 5 6) (2 3 6 8) (2 3 6 7) (2 3 5 7) (2 3 5 6) (2 3 4 6) (1 5 7 8) (1 5 6 8) (1 4 7 8) (1 4 6 8) (1 4 5 8) (1 4 5 7) (1 4 5 6) (1 3 5 7) (1 3 4 7) (1 3 4 6) (1 2 6 7) (1 2 5 8) (1 2 5 6) (1 2 4 7) (1 2 3 8) (1 2 3 7) (1 2 3 6))
dual = '((6 7 8) (3 5 7 8) (3 5 6 7) (3 4 6 8) (3 4 5 7) (3 4 5 6) (2 5 6 7) (2 4 7 8) (2 4 6 7) (2 4 5 8) (2 4 5 7) (2 4 5 6) (2 3 5 8) (2 3 4 8) (2 3 4 5) (1 5 6 8) (1 5 6 7) (1 4 6 7) (1 4 5 7 8) (1 4 5 6) (1 3 6 8) (1 3 5 8) (1 3 5 6) (1 3 4 8) (1 3 4 7) (1 3 4 5) (1 2 7 8) (1 2 6 7) (1 2 5 8) (1 2 4 7) (1 2 4 6) (1 2 3 8) (1 2 3 7) (1 2 3 4))
dual frequency = 19/34
primal frequency = 17/33
primal length = 33
dual length = 34
#nodes = 33
"-------"
primal = '((4 6 7 8) (4 5 6 7) (3 6 7 8) (3 5 7 8) (3 4 6 8) (3 4 5 8) (3 4 5 7) (2 5 7 8) (2 5 6 8) (2 5 6 7) (2 4 5 8) (2 4 5 7) (2 3 6 8) (2 3 5 6) (2 3 4 8) (2 3 4 7) (2 3 4 6) (1 6 7 8) (1 4 7 8) (1 4 6 8) (1 4 6 7) (1 4 5 6) (1 3 7 8) (1 3 6 8) (1 3 5 8) (1 3 5 7) (1 3 5 6) (1 2 7 8) (1 2 5 7) (1 2 5 6) (1 2 4 7) (1 2 4 6) (1 2 3 5) (1 2 3 4))
dual = '((4 5 8) (4 5 6 7) (3 6 7 8) (3 5 6 7) (3 4 6 7) (3 4 5 7) (2 6 7 8) (2 5 7 8) (2 5 6 8) (2 5 6 7) (2 3 6 8) (2 3 6 7) (2 3 4 8) (2 3 4 7) (2 3 4 6) (1 6 7 8) (1 4 6 8) (1 4 6 7) (1 4 5 6) (1 3 7 8) (1 3 5 8) (1 3 5 7) (1 3 5 6) (1 3 4 5) (1 2 7 8) (1 2 5 8) (1 2 5 6) (1 2 4 8) (1 2 4 7) (1 2 3 7) (1 2 3 6) (1 2 3 4))
dual frequency = 17/32
primal frequency = 1/2
primal length = 34
dual length = 32
#nodes = 31
"-------"
primal = '((5 6 7 8) (4 6 7 8) (4 5 7 8) (4 5 6 8) (4 5 6 7) (3 6 7 8) (3 5 7 8) (3 5 6 8) (3 5 6 7) (3 4 7 8) (3 4 6 8) (3 4 5 8) (3 4 5 7) (3 4 5 6) (2 6 7 8) (2 5 7 8) (2 5 6 7) (1 3 4 8) (1 3 4 6 7) (1 3 4 5) (1 2 7 8) (1 2 6 8) (1 2 6 7) (1 2 5 8) (1 2 5 7) (1 2 5 6) (1 2 4 8) (1 2 4 7) (1 2 4 6) (1 2 4 5) (1 2 3 8) (1 2 3 7) (1 2 3 6) (1 2 3 5) (1 2 3 4))
dual = '((4 5 6 7 8) (3 5 6 7 8) (3 4 6 7 8) (3 4 5 7 8) (3 4 5 6 8) (3 4 5 6 7) (2 5 7 8) (2 5 6 8) (2 4 7 8) (2 4 6 8) (2 4 6 7) (2 4 5 8) (2 4 5 7) (2 4 5 6) (2 3 7 8) (2 3 6 8) (2 3 6 7) (2 3 5 8) (2 3 5 7) (2 3 5 6) (2 3 4 8) (2 3 4 7) (2 3 4 6) (2 3 4 5) (1 6 7 8) (1 5 8) (1 5 6 7) (1 4 7 8) (1 4 6 8) (1 4 6 7) (1 4 5 7) (1 4 5 6) (1 3 7 8) (1 3 6 8) (1 3 6 7) (1 3 5 7) (1 3 5 6) (1 3 4 7))
dual frequency = 11/19
primal frequency = 18/35
primal length = 35
dual length = 38
#nodes = 29
"-------"
primal = '((5 6 7 8) (3 6 7 8) (3 5 6 8) (3 5 6 7) (3 4 6 8) (3 4 5 8) (3 4 5 7) (3 4 5 6) (2 5 7 8) (2 5 6 7) (2 4 7 8) (2 4 6 8) (2 4 6 7) (2 4 5 7) (2 3 6 8) (2 3 5 6) (2 3 4 8) (2 3 4 6) (1 6 7 8) (1 4 7 8) (1 4 6 8) (1 4 5 7) (1 4 5 6) (1 3 7 8) (1 3 6 7) (1 3 5 7) (1 3 5 6) (1 3 4 5) (1 2 7 8) (1 2 6 8) (1 2 5 7) (1 2 4 8) (1 2 4 7) (1 2 4 5) (1 2 3 8) (1 2 3 5))
dual = '((5 6 7 8) (4 5 7 8) (4 5 6 8) (3 5 7 8) (3 4 7 8) (3 4 6 7) (3 4 5 8) (2 5 7 8) (2 5 6 8) (2 5 6 7) (2 4 6 7) (2 4 5 7) (2 3 6 7) (2 3 5 8) (2 3 4 8) (2 3 4 7) (2 3 4 6) (1 6 7 8) (1 5 6 8) (1 4 6 8) (1 4 6 7) (1 4 5 8) (1 4 5 6) (1 3 7 8) (1 3 6 7) (1 3 4 7) (1 3 4 5) (1 2 5 8) (1 2 5 6) (1 2 4 7 8) (1 2 4 6) (1 2 3 8) (1 2 3 7) (1 2 3 6) (1 2 3 5))
dual frequency = 18/35
primal frequency = 1/2
primal length = 36
dual length = 35
#nodes = 34
"-------"
primal = '((5 6 7 8) (4 6 7 8) (4 5 7 8) (4 5 6 8) (4 5 6 7) (3 6 7 8) (3 5 7 8) (3 5 6 8) (3 5 6 7) (3 4 7 8) (3 4 6 8) (3 4 5 8) (3 4 5 7) (3 4 5 6) (2 6 7 8) (2 5 7 8) (2 5 6 8) (2 4 6 7) (1 3 5 6) (1 3 4 8) (1 3 4 6 7) (1 3 4 5) (1 2 7 8) (1 2 6 8) (1 2 6 7) (1 2 5 8) (1 2 5 7) (1 2 5 6) (1 2 4 8) (1 2 4 7) (1 2 4 6) (1 2 4 5) (1 2 3 8) (1 2 3 7) (1 2 3 6) (1 2 3 5) (1 2 3 4))
dual = '((4 5 6 7 8) (3 5 6 7 8) (3 4 6 7 8) (3 4 5 7 8) (3 4 5 6 8) (3 4 5 6 7) (2 5 7 8) (2 5 6 8) (2 4 6 8) (2 4 6 7) (2 4 5 8) (2 4 5 7) (2 4 5 6) (2 3 7 8) (2 3 6 8) (2 3 6 7) (2 3 5 8) (2 3 5 7) (2 3 5 6) (2 3 4 8) (2 3 4 7) (2 3 4 6) (2 3 4 5) (1 6 7 8) (1 5 7 8) (1 5 6 8) (1 5 6 7) (1 4 7 8) (1 4 6 8) (1 4 6 7) (1 4 5 8) (1 4 5 7) (1 4 5 6) (1 3 7 8) (1 3 6 8) (1 3 6 7) (1 3 5 7) (1 3 5 6) (1 3 4 8) (1 2 5 8))
dual frequency = 23/40
primal frequency = 19/37
primal length = 37
dual length = 40
#nodes = 36
"-------"
primal = '((5 6 7 8) (4 5 7 8) (4 5 6 8) (3 6 7 8) (3 5 6 7) (3 4 7 8) (3 4 6 8) (3 4 5 8) (3 4 5 7) (2 6 7 8) (2 5 7 8) (2 4 6 8) (2 4 6 7) (2 4 5 8) (2 4 5 7) (2 4 5 6) (2 3 6 7) (2 3 5 7) (2 3 4 8) (1 4 6 8) (1 4 5 8) (1 4 5 7) (1 3 7 8) (1 3 6 8) (1 3 6 7) (1 3 5 6) (1 3 4 7) (1 3 4 6) (1 3 4 5) (1 2 7 8) (1 2 6 7) (1 2 5 8) (1 2 5 7) (1 2 5 6) (1 2 4 6) (1 2 3 8) (1 2 3 6) (1 2 3 5))
dual = '((5 6 7 8) (4 5 6 8) (3 6 7 8) (3 5 6 8) (3 5 6 7) (3 4 5 7) (2 5 6 7) (2 4 6 8) (2 4 6 7) (2 4 5 7 8) (2 3 7 8) (2 3 5 8) (2 3 5 6) (2 3 4 8) (2 3 4 7) (2 3 4 6) (2 3 4 5) (1 6 7 8) (1 5 7 8) (1 5 6 8) (1 4 7) (1 4 5 6) (1 3 5 6) (1 3 4 8) (1 2 7 8) (1 2 5 8) (1 2 4 6) (1 2 3 8) (1 2 3 6 7) (1 2 3 5))
dual frequency = 17/30
primal frequency = 1/2
primal length = 38
dual length = 30
#nodes = 30
"-------"
primal = '((5 6 7 8) (4 6 7 8) (4 5 7 8) (4 5 6 8) (4 5 6 7) (3 6 7 8) (3 5 7 8) (3 5 6 8) (3 5 6 7) (3 4 7 8) (3 4 6 8) (3 4 5 8) (3 4 5 7) (3 4 5 6) (2 6 7 8) (2 5 7 8) (2 5 6 8) (2 4 7 8) (2 4 6 7) (1 3 5 7) (1 3 5 6) (1 3 4 8) (1 3 4 6 7) (1 3 4 5) (1 2 7 8) (1 2 6 8) (1 2 6 7) (1 2 5 8) (1 2 5 7) (1 2 5 6) (1 2 4 8) (1 2 4 7) (1 2 4 6) (1 2 4 5) (1 2 3 8) (1 2 3 7) (1 2 3 6) (1 2 3 5) (1 2 3 4))
dual = '((4 5 6 7 8) (3 5 6 7 8) (3 4 6 7 8) (3 4 5 7 8) (3 4 5 6 8) (3 4 5 6 7) (2 5 7 8) (2 5 6 8) (2 4 6 7) (2 4 5 8) (2 4 5 7) (2 4 5 6) (2 3 7 8) (2 3 6 8) (2 3 6 7) (2 3 5 8) (2 3 5 7) (2 3 5 6) (2 3 4 8) (2 3 4 7) (2 3 4 6) (2 3 4 5) (1 6 7 8) (1 5 7 8) (1 5 6 8) (1 5 6 7) (1 4 7 8) (1 4 6 8) (1 4 6 7) (1 4 5 8) (1 4 5 7) (1 4 5 6) (1 3 7 8) (1 3 6 8) (1 3 6 7) (1 3 5 7) (1 3 4 8) (1 2 5 8))
dual frequency = 11/19
primal frequency = 20/39
primal length = 39
dual length = 38
#nodes = 36
"-------"
primal = '((5 6 7 8) (4 5 7 8) (3 6 7 8) (3 5 7 8) (3 5 6 8) (3 5 6 7) (3 4 6 8) (3 4 6 7) (3 4 5 7) (3 4 5 6) (2 5 6 7) (2 4 6 8) (2 4 6 7) (2 4 5 8) (2 4 5 6) (2 3 6 7) (2 3 5 8) (2 3 5 6) (2 3 4 8) (2 3 4 6) (1 5 7 8) (1 5 6 8) (1 4 7 8) (1 4 6 8) (1 4 6 7) (1 4 5 8) (1 4 5 6) (1 3 7 8) (1 3 4 8) (1 3 4 7) (1 2 7 8) (1 2 6 7) (1 2 5 8) (1 2 5 7) (1 2 5 6) (1 2 4 7) (1 2 3 8) (1 2 3 7) (1 2 3 5) (1 2 3 4))
dual = '((4 5 7 8) (3 6 7 8) (3 5 7 8) (3 5 6 7) (3 4 5 7) (3 4 5 6 8) (2 6 7 8) (2 5 7 8) (2 4 7 8) (2 4 6 8) (2 4 6 7) (2 4 5 8) (2 4 5 7) (2 3 6 8) (2 3 4 8) (2 3 4 5) (1 6 7 8) (1 5 6 8) (1 4 6 8) (1 4 5 7) (1 4 5 6) (1 3 6 8) (1 3 5 6) (1 3 4 7) (1 3 4 6) (1 3 4 5) (1 2 6 7) (1 2 5 6) (1 2 3 8) (1 2 3 7) (1 2 3 5))
dual frequency = 16/31
primal frequency = 1/2
primal length = 40
dual length = 31
#nodes = 34
"-------"
primal = '((5 6 7 8) (4 6 7 8) (4 5 7 8) (4 5 6 8) (4 5 6 7) (3 6 7 8) (3 5 7 8) (3 5 6 8) (3 5 6 7) (3 4 7 8) (3 4 6 8) (3 4 5 8) (3 4 5 7) (3 4 5 6) (2 6 7 8) (2 5 7 8) (2 5 6 8) (2 5 6 7) (2 4 7 8) (2 3 4 6) (1 3 7 8) (1 3 5 7) (1 3 5 6) (1 3 4 8) (1 3 4 6 7) (1 3 4 5) (1 2 7 8) (1 2 6 8) (1 2 6 7) (1 2 5 8) (1 2 5 7) (1 2 5 6) (1 2 4 8) (1 2 4 7) (1 2 4 6) (1 2 4 5) (1 2 3 8) (1 2 3 7) (1 2 3 6) (1 2 3 5) (1 2 3 4))
dual = '((4 5 6 7 8) (3 5 6 7 8) (3 4 6 7 8) (3 4 5 7 8) (3 4 5 6 8) (3 4 5 6 7) (2 5 7 8) (2 5 6 8) (2 4 6 7) (2 4 5 8) (2 4 5 7) (2 3 7 8) (2 3 6 8) (2 3 6 7) (2 3 5 8) (2 3 5 7) (2 3 5 6) (2 3 4 8) (2 3 4 7) (2 3 4 6) (2 3 4 5) (1 6 7 8) (1 5 6 8) (1 5 6 7) (1 4 7 8) (1 4 6 8) (1 4 6 7) (1 4 5 8) (1 4 5 7) (1 4 5 6) (1 3 7 8) (1 3 6 8) (1 3 6 7) (1 3 5 8) (1 3 5 7) (1 2 5 8))
dual frequency = 7/12
primal frequency = 21/41
primal length = 41
dual length = 36
#nodes = 34
"-------"
primal = '((5 6 7 8) (4 6 7 8) (4 5 7 8) (4 5 6 8) (4 5 6 7) (3 6 7 8) (3 5 6 8) (3 4 6 8) (3 4 5 8) (3 4 5 7) (3 4 5 6) (2 6 7 8) (2 5 7 8) (2 4 6 7) (2 4 5 7) (2 4 5 6) (2 3 6 8) (2 3 6 7) (2 3 5 7) (2 3 4 8) (2 3 4 7) (1 5 6 7) (1 4 7 8) (1 4 6 7) (1 4 5 7) (1 4 5 6) (1 3 6 8) (1 3 6 7) (1 3 5 8) (1 3 5 7) (1 3 4 8) (1 2 7 8) (1 2 6 8) (1 2 5 8) (1 2 5 6) (1 2 4 8) (1 2 4 5) (1 2 3 8) (1 2 3 7) (1 2 3 6) (1 2 3 5) (1 2 3 4))
dual = '((4 5 6 7 8) (3 5 7 8) (3 5 6 8) (3 4 6 8) (3 4 5 8) (3 4 5 6 7) (2 6 7 8) (2 5 7 8) (2 5 6 8) (2 4 7 8) (2 4 5 6) (2 3 6 7) (2 3 5 7) (2 3 4 7) (2 3 4 6) (2 3 4 5) (1 6 7 8) (1 5 7 8) (1 4 7 8) (1 4 6 7) (1 4 5 6) (1 3 6 7) (1 3 5 7) (1 3 5 6) (1 3 4 8) (1 3 4 7) (1 2 5 8) (1 2 5 6) (1 2 4 8) (1 2 4 6) (1 2 4 5 7) (1 2 3 7 8) (1 2 3 6 8))
dual frequency = 6/11
primal frequency = 1/2
primal length = 42
dual length = 33
#nodes = 33
"-------"
primal = '((5 6 7 8) (4 6 7 8) (4 5 7 8) (4 5 6 8) (4 5 6 7) (3 6 7 8) (3 5 7 8) (3 5 6 8) (3 5 6 7) (3 4 7 8) (3 4 6 8) (3 4 5 8) (3 4 5 7) (3 4 5 6) (2 6 7 8) (2 5 7 8) (2 5 6 8) (2 5 6 7) (2 4 7 8) (2 4 6 8) (2 4 6 7) (1 4 5 6) (1 3 7 8) (1 3 5 7) (1 3 5 6) (1 3 4 8) (1 3 4 6 7) (1 3 4 5) (1 2 7 8) (1 2 6 8) (1 2 6 7) (1 2 5 8) (1 2 5 7) (1 2 5 6) (1 2 4 8) (1 2 4 7) (1 2 4 6) (1 2 4 5) (1 2 3 8) (1 2 3 7) (1 2 3 6) (1 2 3 5) (1 2 3 4))
dual = '((4 5 6 7 8) (3 5 6 7 8) (3 4 6 7 8) (3 4 5 7 8) (3 4 5 6 8) (3 4 5 6 7) (2 5 7 8) (2 5 6 8) (2 4 6 7) (2 4 5 8) (2 4 5 7) (2 3 6 8) (2 3 6 7) (2 3 5 8) (2 3 5 7) (2 3 5 6) (2 3 4 8) (2 3 4 7) (2 3 4 6) (2 3 4 5) (1 6 7 8) (1 5 7 8) (1 5 6 8) (1 5 6 7) (1 4 7 8) (1 4 6 8) (1 4 6 7) (1 4 5 8) (1 4 5 7) (1 4 5 6) (1 3 7 8) (1 3 6 8) (1 3 6 7) (1 2 5 8))
dual frequency = 10/17
primal frequency = 22/43
primal length = 43
dual length = 34
#nodes = 35
"-------"
primal = '((5 6 7 8) (4 6 7 8) (4 5 7 8) (4 5 6 8) (3 6 7 8) (3 5 7 8) (3 4 7 8) (3 4 6 8) (3 4 5 7) (3 4 5 6) (2 6 7 8) (2 5 7 8) (2 5 6 7) (2 4 7 8) (2 4 6 7) (2 4 5 8) (2 4 5 6) (2 3 7 8) (2 3 5 8) (2 3 5 7) (2 3 5 6) (2 3 4 6) (1 5 6 8) (1 5 6 7) (1 4 6 7) (1 4 5 8) (1 4 5 7) (1 4 5 6) (1 3 6 8) (1 3 5 7) (1 3 5 6) (1 3 4 8) (1 3 4 7) (1 3 4 6) (1 2 7 8) (1 2 6 8) (1 2 6 7) (1 2 4 8) (1 2 4 5) (1 2 3 8) (1 2 3 7) (1 2 3 6) (1 2 3 5) (1 2 3 4))
dual = '((4 5 6 7 8) (3 5 7 8) (3 5 6 8) (3 4 7 8) (3 4 6 8) (3 4 6 7) (2 6 7 8) (2 4 6 7) (2 4 5 8) (2 4 5 6) (2 3 5 7) (2 3 5 6) (2 3 4 6) (2 3 4 5) (1 6 7 8) (1 5 6 8) (1 5 6 7) (1 4 5 8) (1 4 5 7) (1 3 6 8) (1 3 5 7) (1 3 4 7) (1 3 4 5 6) (1 2 6 7) (1 2 5 8) (1 2 4 8) (1 2 4 7) (1 2 3 8))
dual frequency = 15/28
primal frequency = 1/2
primal length = 44
dual length = 28
#nodes = 34
"-------"
primal = '((5 6 7 8) (4 6 7 8) (4 5 7 8) (4 5 6 8) (4 5 6 7) (3 6 7 8) (3 5 7 8) (3 5 6 8) (3 5 6 7) (3 4 7 8) (3 4 6 8) (3 4 5 8) (3 4 5 7) (3 4 5 6) (2 6 7 8) (2 5 7 8) (2 5 6 8) (2 5 6 7) (2 4 7 8) (2 4 6 8) (2 4 6 7) (2 3 6 7) (1 4 5 6) (1 3 7 8) (1 3 5 8) (1 3 5 7) (1 3 5 6) (1 3 4 8) (1 3 4 6 7) (1 3 4 5) (1 2 7 8) (1 2 6 8) (1 2 6 7) (1 2 5 8) (1 2 5 7) (1 2 5 6) (1 2 4 8) (1 2 4 7) (1 2 4 6) (1 2 4 5) (1 2 3 8) (1 2 3 7) (1 2 3 6) (1 2 3 5) (1 2 3 4))
dual = '((4 5 6 7 8) (3 5 6 7 8) (3 4 6 7 8) (3 4 5 7 8) (3 4 5 6 8) (3 4 5 6 7) (2 5 7 8) (2 5 6 8) (2 4 6 7 8) (2 4 5 8) (2 4 5 7) (2 3 6 8) (2 3 6 7) (2 3 5 8) (2 3 5 7) (2 3 5 6) (2 3 4 8) (2 3 4 7) (2 3 4 6) (2 3 4 5) (1 6 7 8) (1 5 7 8) (1 5 6 8) (1 5 6 7) (1 4 7 8) (1 4 6 8) (1 4 6 7) (1 4 5 7) (1 4 5 6) (1 3 7 8) (1 3 6 8) (1 3 6 7) (1 3 4 5 8) (1 2 5 8))
dual frequency = 21/34
primal frequency = 23/45
primal length = 45
dual length = 34
#nodes = 35
"-------"
primal = '((5 6 7 8) (4 6 7 8) (4 5 7 8) (4 5 6 8) (3 6 7 8) (3 5 7 8) (3 5 6 8) (3 4 7 8) (3 4 6 8) (3 4 5 8) (3 4 5 7) (3 4 5 6) (2 5 7 8) (2 5 6 7) (2 4 7 8) (2 4 6 7) (2 4 5 8) (2 3 6 8) (2 3 6 7) (2 3 5 8) (2 3 5 6) (2 3 4 8) (2 3 4 6) (1 5 7 8) (1 5 6 7) (1 4 6 8) (1 4 5 8) (1 4 5 7) (1 4 5 6) (1 3 7 8) (1 3 6 7) (1 3 5 6) (1 3 4 7) (1 3 4 6) (1 2 7 8) (1 2 6 8) (1 2 6 7) (1 2 5 7) (1 2 5 6) (1 2 4 8) (1 2 4 7) (1 2 4 5) (1 2 3 7) (1 2 3 6) (1 2 3 5) (1 2 3 4))
dual = '((4 5 6 7) (3 5 7 8) (3 4 6 7) (3 4 5 6 8) (2 6 7 8) (2 5 6 7) (2 4 6 8) (2 4 6 7) (2 4 5 7) (2 3 5 8) (2 3 5 6) (2 3 4 7) (2 3 4 5) (1 6 7 8) (1 5 6 8) (1 4 6 8) (1 4 5 7 8) (1 4 5 6) (1 3 7 8) (1 3 6 8) (1 3 5 7) (1 3 4 7) (1 3 4 5) (1 2 5 8) (1 2 4 8) (1 2 3 8) (1 2 3 6 7) (1 2 3 4 6))
dual frequency = 15/28
primal frequency = 1/2
primal length = 46
dual length = 28
#nodes = 34
"-------"
primal = '((5 6 7 8) (4 6 7 8) (4 5 7 8) (4 5 6 8) (4 5 6 7) (3 6 7 8) (3 5 7 8) (3 5 6 8) (3 5 6 7) (3 4 7 8) (3 4 6 8) (3 4 5 8) (3 4 5 7) (3 4 5 6) (2 6 7 8) (2 5 7 8) (2 5 6 8) (2 4 7 8) (2 4 6 8) (2 4 6 7) (2 4 5 8) (2 3 6 7) (2 3 4 7) (1 4 5 7) (1 4 5 6) (1 3 7 8) (1 3 5 8) (1 3 5 7) (1 3 5 6) (1 3 4 8) (1 3 4 6 7) (1 3 4 5) (1 2 7 8) (1 2 6 8) (1 2 6 7) (1 2 5 8) (1 2 5 7) (1 2 5 6) (1 2 4 8) (1 2 4 7) (1 2 4 6) (1 2 4 5) (1 2 3 8) (1 2 3 7) (1 2 3 6) (1 2 3 5) (1 2 3 4))
dual = '((4 5 6 7 8) (3 5 6 7 8) (3 4 6 7 8) (3 4 5 7 8) (3 4 5 6 8) (3 4 5 6 7) (2 5 7 8) (2 5 6 8) (2 4 6 7 8) (2 4 5 8) (2 4 5 7) (2 3 6 7) (2 3 5 8) (2 3 5 7) (2 3 5 6) (2 3 4 8) (2 3 4 7) (2 3 4 6) (2 3 4 5) (1 6 7 8) (1 5 7 8) (1 5 6 7) (1 4 7 8) (1 4 6 8) (1 4 6 7) (1 4 5 7) (1 4 5 6) (1 3 7 8) (1 3 6 8) (1 3 4 8) (1 2 5 8))
dual frequency = 19/31
primal frequency = 24/47
primal length = 47
dual length = 31
#nodes = 35
"-------"
primal = '((5 6 7 8) (4 6 7 8) (4 5 6 8) (3 6 7 8) (3 5 7 8) (3 4 7 8) (3 4 6 8) (3 4 5 7) (3 4 5 6) (2 5 7 8) (2 5 6 7) (2 4 7 8) (2 4 6 7) (2 4 5 8) (2 4 5 7) (2 4 5 6) (2 3 7 8) (2 3 6 8) (2 3 6 7) (2 3 5 8) (2 3 5 6) (2 3 4 8) (2 3 4 6) (2 3 4 5) (1 6 7 8) (1 5 7 8) (1 5 6 7) (1 4 7 8) (1 4 6 8) (1 4 6 7) (1 4 5 8) (1 4 5 7) (1 3 7 8) (1 3 6 8) (1 3 5 7) (1 3 5 6) (1 3 4 7) (1 3 4 6) (1 3 4 5) (1 2 6 8) (1 2 6 7) (1 2 5 7) (1 2 5 6) (1 2 4 8) (1 2 4 5) (1 2 3 8) (1 2 3 6) (1 2 3 5))
dual = '((5 6 7 8) (4 5 6 8) (3 5 7 8) (3 5 6 8) (3 4 6 7) (3 4 5 6) (2 5 6 7) (2 4 6 7) (2 4 5 8) (2 3 7 8) (2 3 4 7) (2 3 4 6 8) (1 5 6 8) (1 4 6 8) (1 4 5 7 8) (1 4 5 6 7) (1 3 6 7 8) (1 3 5 7) (1 3 4 7) (1 3 4 5) (1 2 6 7) (1 2 5 8) (1 2 4 8) (1 2 4 7) (1 2 4 5 6) (1 2 3 8) (1 2 3 6))
dual frequency = 5/9
primal frequency = 1/2
primal length = 48
dual length = 27
#nodes = 36
"-------"
primal = '((5 6 7 8) (4 6 7 8) (4 5 7 8) (4 5 6 8) (4 5 6 7) (3 6 7 8) (3 5 7 8) (3 5 6 8) (3 5 6 7) (3 4 7 8) (3 4 6 8) (3 4 5 7) (3 4 5 6) (2 6 7 8) (2 5 7 8) (2 5 6 8) (2 5 6 7) (2 4 7 8) (2 4 6 8) (2 4 6 7) (2 4 5 8) (2 4 5 6) (2 3 7 8) (2 3 6 7) (1 4 6 8) (1 4 5 8) (1 4 5 7) (1 4 5 6) (1 3 7 8) (1 3 5 8) (1 3 5 7) (1 3 5 6) (1 3 4 8) (1 3 4 6 7) (1 3 4 5) (1 2 7 8) (1 2 6 8) (1 2 6 7) (1 2 5 7) (1 2 5 6) (1 2 4 8) (1 2 4 7) (1 2 4 6) (1 2 4 5) (1 2 3 8) (1 2 3 7) (1 2 3 6) (1 2 3 5) (1 2 3 4))
dual = '((4 5 6 7 8) (3 5 6 7 8) (3 4 6 7) (3 4 5 7 8) (3 4 5 6 8) (2 5 7 8) (2 5 6 8) (2 4 6 7 8) (2 4 5 8) (2 4 5 7) (2 3 6 7 8) (2 3 5 8) (2 3 5 6) (2 3 4 8) (2 3 4 7) (2 3 4 6) (2 3 4 5) (1 6 7 8) (1 5 7 8) (1 5 6 8) (1 5 6 7) (1 4 7 8) (1 4 6 8) (1 4 6 7) (1 4 5 7) (1 3 6 8) (1 3 4 5 8) (1 3 4 5 6) (1 2 6 7) (1 2 5 8) (1 2 4 5 6) (1 2 3 7 8) (1 2 3 5 7))
dual frequency = 20/33
primal frequency = 25/49
primal length = 49
dual length = 33
#nodes = 35
"-------"
primal = '((5 6 7 8) (4 6 7 8) (4 5 7 8) (4 5 6 8) (4 5 6 7) (3 6 7 8) (3 5 7 8) (3 5 6 8) (3 5 6 7) (3 4 7 8) (3 4 6 8) (3 4 5 8) (3 4 5 6) (2 6 7 8) (2 5 7 8) (2 5 6 8) (2 4 6 8) (2 4 5 7) (2 4 5 6) (2 3 7 8) (2 3 6 7) (2 3 5 8) (2 3 5 6) (2 3 4 7) (2 3 4 5) (1 6 7 8) (1 4 7 8) (1 4 6 8) (1 4 6 7) (1 4 5 7) (1 4 5 6) (1 3 6 8) (1 3 6 7) (1 3 5 7) (1 3 5 6) (1 3 4 8) (1 3 4 7) (1 2 7 8) (1 2 5 8) (1 2 5 7) (1 2 5 6) (1 2 4 8) (1 2 4 7) (1 2 4 6) (1 2 4 5) (1 2 3 8) (1 2 3 7) (1 2 3 6) (1 2 3 5) (1 2 3 4))
dual = '((4 5 6 7 8) (3 5 6 7 8) (3 4 6 7 8) (3 4 5 8) (3 4 5 7) (2 6 7 8) (2 5 7 8) (2 4 6 7) (2 4 5 6) (2 3 6 7) (2 3 5 6 8) (2 3 4 8) (2 3 4 7) (2 3 4 6) (1 5 7 8) (1 5 6 7) (1 4 6 8) (1 4 5 7) (1 3 6 7) (1 3 5 8) (1 3 5 6) (1 3 4 8) (1 2 6 8) (1 2 5 8) (1 2 4 7 8) (1 2 3 7 8) (1 2 3 5 7) (1 2 3 4 5))
dual frequency = 4/7
primal frequency = 1/2
primal length = 50
dual length = 28
#nodes = 34
"-------"
primal = '((5 6 7 8) (4 6 7 8) (4 5 7 8) (4 5 6 8) (4 5 6 7) (3 6 7 8) (3 5 7 8) (3 5 6 8) (3 5 6 7) (3 4 7 8) (3 4 6 8) (3 4 5 7) (3 4 5 6) (2 6 7 8) (2 5 7 8) (2 5 6 8) (2 4 7 8) (2 4 6 8) (2 4 6 7) (2 4 5 8) (2 4 5 6) (2 3 7 8) (2 3 6 8) (2 3 6 7) (2 3 4 7) (1 5 6 7) (1 4 6 8) (1 4 5 8) (1 4 5 7) (1 4 5 6) (1 3 7 8) (1 3 5 8) (1 3 5 7) (1 3 5 6) (1 3 4 8) (1 3 4 6 7) (1 3 4 5) (1 2 6 8) (1 2 6 7) (1 2 5 8) (1 2 5 7) (1 2 5 6) (1 2 4 8) (1 2 4 7) (1 2 4 6) (1 2 4 5) (1 2 3 8) (1 2 3 7) (1 2 3 6) (1 2 3 5) (1 2 3 4))
dual = '((4 5 6 7 8) (3 5 6 7 8) (3 4 6 7 8) (3 4 5 7 8) (3 4 5 6) (2 5 7 8) (2 5 6 8) (2 4 6 7 8) (2 4 5 8) (2 4 5 7) (2 3 6 7 8) (2 3 5 8) (2 3 5 6) (2 3 4 7) (2 3 4 6) (2 3 4 5) (1 6 7 8) (1 5 7 8) (1 5 6 7) (1 4 7 8) (1 4 6 8) (1 4 6 7) (1 3 6 8) (1 3 4 8) (1 3 4 5 7) (1 2 6 7) (1 2 5 8) (1 2 4 5 6) (1 2 3 7 8) (1 2 3 5 7))
dual frequency = 3/5
primal frequency = 26/51
primal length = 51
dual length = 30
#nodes = 34
"-------"
primal = '((5 6 7 8) (4 6 7 8) (4 5 7 8) (4 5 6 8) (4 5 6 7) (3 5 7 8) (3 4 6 8) (3 4 6 7) (3 4 5 7) (3 4 5 6) (2 5 6 8) (2 5 6 7) (2 4 7 8) (2 4 6 8) (2 4 6 7) (2 4 5 8) (2 3 7 8) (2 3 6 8) (2 3 6 7) (2 3 5 8) (2 3 5 7) (2 3 5 6) (2 3 4 8) (2 3 4 7) (2 3 4 6) (2 3 4 5) (1 6 7 8) (1 5 7 8) (1 5 6 8) (1 5 6 7) (1 4 7 8) (1 4 6 8) (1 4 5 8) (1 4 5 7) (1 3 7 8) (1 3 6 8) (1 3 6 7) (1 3 5 7) (1 3 5 6) (1 3 4 8) (1 3 4 7) (1 3 4 5) (1 2 6 8) (1 2 6 7) (1 2 5 8) (1 2 5 7) (1 2 5 6) (1 2 4 6) (1 2 4 5) (1 2 3 8) (1 2 3 7) (1 2 3 4))
dual = '((4 6 7 8) (4 5 7 8) (3 5 6 8) (3 5 6 7) (3 4 5 6) (2 5 7 8) (2 4 6 7) (2 4 5 6 8) (2 3 7 8) (2 3 5 8) (2 3 4 6 8) (2 3 4 5 7) (1 5 6 7 8) (1 4 5 6 8) (1 4 5 6 7) (1 3 7 8) (1 3 6 8) (1 3 4 6) (1 3 4 5) (1 2 6 7) (1 2 5 6) (1 2 4 8) (1 2 4 7) (1 2 4 5) (1 2 3 5 7))
dual frequency = 3/5
primal frequency = 1/2
primal length = 52
dual length = 25
#nodes = 37
"-------"
primal = '((5 6 7 8) (4 6 7 8) (4 5 7 8) (4 5 6 7) (3 6 7 8) (3 5 7 8) (3 5 6 8) (3 4 6 8) (3 4 6 7) (3 4 5 8) (3 4 5 7) (3 4 5 6) (2 5 7 8) (2 5 6 8) (2 4 7 8) (2 4 6 8) (2 4 6 7) (2 4 5 7) (2 4 5 6) (2 3 7 8) (2 3 6 7) (2 3 5 8) (2 3 4 8) (2 3 4 7) (2 3 4 6) (2 3 4 5) (1 6 7 8) (1 5 7 8) (1 5 6 7) (1 4 7 8) (1 4 6 8) (1 4 5 7) (1 4 5 6) (1 3 6 8) (1 3 6 7) (1 3 5 8) (1 3 5 7) (1 3 5 6) (1 3 4 8) (1 3 4 6) (1 3 4 5) (1 2 7 8) (1 2 6 8) (1 2 6 7) (1 2 5 8) (1 2 5 7) (1 2 5 6) (1 2 4 8) (1 2 4 5) (1 2 3 7) (1 2 3 6) (1 2 3 5) (1 2 3 4))
dual = '((4 5 6 7) (3 5 7 8) (3 5 6 8) (3 4 6 7 8) (2 5 6 8) (2 4 6 7 8) (2 4 5 7 8) (2 4 5 6) (2 3 6 7) (2 3 5 8) (2 3 4 7) (2 3 4 6 8) (1 5 6 7 8) (1 4 7 8) (1 4 6 8) (1 4 5 7) (1 3 6 7) (1 3 4 8) (1 3 4 5) (1 2 6 7 8) (1 2 5 7 8) (1 2 5 6) (1 2 4 8) (1 2 4 6 7) (1 2 3 7) (1 2 3 6 8) (1 2 3 4 6))
dual frequency = 16/27
primal frequency = 27/53
primal length = 53
dual length = 27
#nodes = 36
"-------"
primal = '((5 6 7 8) (4 6 7 8) (4 5 7 8) (4 5 6 8) (4 5 6 7) (3 6 7 8) (3 5 7 8) (3 4 6 8) (3 4 6 7) (3 4 5 8) (3 4 5 7) (2 6 7 8) (2 5 7 8) (2 5 6 8) (2 5 6 7) (2 4 7 8) (2 4 6 8) (2 4 5 6) (2 3 7 8) (2 3 6 8) (2 3 6 7) (2 3 5 8) (2 3 5 7) (2 3 5 6) (2 3 4 7) (2 3 4 6) (2 3 4 5) (1 5 7 8) (1 5 6 8) (1 4 7 8) (1 4 6 8) (1 4 6 7) (1 4 5 8) (1 4 5 7) (1 4 5 6) (1 3 6 8) (1 3 6 7) (1 3 5 8) (1 3 5 6) (1 3 4 8) (1 3 4 7) (1 3 4 6) (1 3 4 5) (1 2 7 8) (1 2 6 7) (1 2 5 8) (1 2 5 7) (1 2 5 6) (1 2 4 7) (1 2 4 5) (1 2 3 8) (1 2 3 7) (1 2 3 6) (1 2 3 4))
dual = '((4 6 7 8) (3 5 7 8) (3 5 6 7) (3 4 5 7) (3 4 5 6 8) (2 5 6 7 8) (2 4 6 8) (2 4 5 7 8) (2 4 5 6) (2 3 6 7 8) (2 3 5 6 8) (2 3 4 8) (2 3 4 6 7) (2 3 4 5) (1 5 6 7) (1 4 5 7 8) (1 4 5 6 8) (1 3 6 8) (1 3 6 7) (1 3 5 8) (1 3 4 7 8) (1 3 4 5 6) (1 2 7 8) (1 2 5 6) (1 2 4 8) (1 2 4 7) (1 2 3 5 7) (1 2 3 4 6))
dual frequency = 4/7
primal frequency = 1/2
primal length = 54
dual length = 28
#nodes = 35
"-------"
primal = '((5 6 7 8) (4 6 7 8) (4 5 7 8) (4 5 6 7) (3 5 6 8) (3 5 6 7) (3 4 7 8) (3 4 6 7) (3 4 5 8) (3 4 5 6) (2 6 7 8) (2 5 7 8) (2 5 6 8) (2 5 6 7) (2 4 7 8) (2 4 6 8) (2 4 6 7) (2 4 5 8) (2 4 5 7) (2 4 5 6) (2 3 7 8) (2 3 6 8) (2 3 6 7) (2 3 5 8) (2 3 5 6) (2 3 4 6) (2 3 4 5) (1 6 7 8) (1 5 7 8) (1 5 6 8) (1 5 6 7) (1 4 7 8) (1 4 5 8) (1 4 5 7) (1 3 7 8) (1 3 6 8) (1 3 6 7) (1 3 5 8) (1 3 5 7) (1 3 5 6) (1 3 4 8) (1 3 4 7) (1 3 4 6) (1 3 4 5) (1 2 6 8) (1 2 5 7) (1 2 4 8) (1 2 4 7) (1 2 4 6) (1 2 4 5) (1 2 3 8) (1 2 3 7) (1 2 3 6) (1 2 3 5) (1 2 3 4))
dual = '((4 5 6 7 8) (3 5 6 7 8) (3 4 7 8) (3 4 6 7) (3 4 5 8) (3 4 5 6) (2 5 6 7 8) (2 4 6 7 8) (2 4 5 7 8) (2 4 5 6 8) (2 4 5 6 7) (2 3 7 8) (2 3 5 8) (2 3 5 7) (2 3 4 6 8) (1 5 6 8) (1 5 6 7) (1 4 6 8) (1 4 5 7 8) (1 3 6 7 8) (1 3 5 7 8) (1 3 4 5 7) (1 2 6 8) (1 2 5 7) (1 2 4 7 8) (1 2 4 6) (1 2 4 5) (1 2 3 7) (1 2 3 5 6) (1 2 3 4 8))
dual frequency = 19/30
primal frequency = 28/55
primal length = 55
dual length = 30
#nodes = 36
"-------"
primal = '((5 6 7 8) (4 6 7 8) (4 5 6 7) (3 5 7 8) (3 5 6 8) (3 5 6 7) (3 4 7 8) (3 4 6 7) (3 4 5 8) (3 4 5 7) (3 4 5 6) (2 6 7 8) (2 5 7 8) (2 5 6 8) (2 5 6 7) (2 4 7 8) (2 4 6 8) (2 4 5 8) (2 4 5 7) (2 4 5 6) (2 3 7 8) (2 3 6 8) (2 3 6 7) (2 3 5 6) (2 3 4 8) (2 3 4 7) (2 3 4 6) (2 3 4 5) (1 6 7 8) (1 5 7 8) (1 5 6 8) (1 5 6 7) (1 4 7 8) (1 4 6 8) (1 4 5 8) (1 4 5 7) (1 4 5 6) (1 3 6 8) (1 3 6 7) (1 3 5 8) (1 3 5 7) (1 3 5 6) (1 3 4 8) (1 3 4 6) (1 3 4 5) (1 2 7 8) (1 2 6 8) (1 2 6 7) (1 2 5 7) (1 2 4 8) (1 2 4 7) (1 2 4 5) (1 2 3 8) (1 2 3 7) (1 2 3 6) (1 2 3 4))
dual = '((4 6 7 8) (3 5 7 8) (3 4 7 8) (3 4 6 7) (3 4 5 6 8) (2 5 6 8) (2 4 5 7 8) (2 4 5 6) (2 3 6 7 8) (2 3 5 8) (2 3 5 6 7) (2 3 4 6 8) (2 3 4 5 7) (1 5 6 7 8) (1 4 6 8) (1 4 6 7) (1 4 5 7 8) (1 3 6 7 8) (1 3 5 8) (1 3 5 6 7) (1 3 4 5 7) (1 3 4 5 6) (1 2 6 7 8) (1 2 5 7) (1 2 4 7 8) (1 2 4 5) (1 2 3 7) (1 2 3 6) (1 2 3 4 8))
dual frequency = 18/29
primal frequency = 1/2
primal length = 56
dual length = 29
#nodes = 33
"-------"
primal = '((5 6 7 8) (4 6 7 8) (4 5 7 8) (4 5 6 7) (3 5 7 8) (3 5 6 7) (3 4 7 8) (3 4 6 8) (3 4 6 7) (3 4 5 8) (3 4 5 7) (3 4 5 6) (2 6 7 8) (2 5 7 8) (2 5 6 8) (2 5 6 7) (2 4 7 8) (2 4 6 7) (2 4 5 7) (2 4 5 6) (2 3 7 8) (2 3 6 7) (2 3 5 7) (2 3 5 6) (2 3 4 8) (2 3 4 7) (2 3 4 6) (2 3 4 5) (1 6 7 8) (1 5 7 8) (1 5 6 8) (1 5 6 7) (1 4 7 8) (1 4 6 8) (1 4 5 8) (1 4 5 6) (1 3 7 8) (1 3 6 8) (1 3 5 8) (1 3 5 6) (1 3 4 8) (1 3 4 7) (1 3 4 6) (1 3 4 5) (1 2 7 8) (1 2 6 8) (1 2 6 7) (1 2 5 8) (1 2 5 7) (1 2 5 6) (1 2 4 8) (1 2 4 6) (1 2 4 5) (1 2 3 8) (1 2 3 6) (1 2 3 5) (1 2 3 4))
dual = '((4 5 6 8) (3 5 6 8) (3 4 6 7 8) (3 4 5 7 8) (3 4 5 6 7) (2 5 6 7 8) (2 4 6 8) (2 4 5 8) (2 4 5 6 7) (2 3 6 8) (2 3 5 8) (2 3 5 6 7) (2 3 4 7 8) (2 3 4 6 7) (2 3 4 5 7) (2 3 4 5 6) (1 5 6 7 8) (1 4 6 7) (1 4 5 7) (1 3 6 7) (1 3 5 7) (1 3 4 7 8) (1 3 4 6 8) (1 3 4 5 8) (1 3 4 5 6) (1 2 6 7 8) (1 2 5 7 8) (1 2 5 6 8) (1 2 5 6 7) (1 2 4 7) (1 2 4 5) (1 2 3 7) (1 2 3 5 6) (1 2 3 4 8) (1 2 3 4 6))
dual frequency = 3/5
primal frequency = 29/57
primal length = 57
dual length = 35
#nodes = 35
"-------"
primal = '((5 6 7 8) (4 6 7 8) (4 5 7 8) (4 5 6 8) (4 5 6 7) (3 5 6 8) (3 4 7 8) (3 4 6 8) (3 4 6 7) (3 4 5 8) (3 4 5 7) (3 4 5 6) (2 6 7 8) (2 5 7 8) (2 5 6 8) (2 5 6 7) (2 4 7 8) (2 4 6 8) (2 4 6 7) (2 4 5 8) (2 3 7 8) (2 3 6 8) (2 3 6 7) (2 3 5 8) (2 3 5 7) (2 3 5 6) (2 3 4 8) (2 3 4 7) (2 3 4 6) (1 5 7 8) (1 5 6 8) (1 5 6 7) (1 4 7 8) (1 4 6 7) (1 4 5 8) (1 4 5 7) (1 4 5 6) (1 3 7 8) (1 3 6 8) (1 3 6 7) (1 3 5 8) (1 3 5 7) (1 3 5 6) (1 3 4 7) (1 3 4 6) (1 3 4 5) (1 2 6 8) (1 2 6 7) (1 2 5 8) (1 2 5 7) (1 2 4 8) (1 2 4 7) (1 2 4 6) (1 2 4 5) (1 2 3 8) (1 2 3 7) (1 2 3 6) (1 2 3 5))
dual = '((5 6 7 8) (3 4 7 8) (3 4 5 6) (2 5 6 7) (2 4 6 7 8) (2 4 5 7 8) (2 4 5 6 8) (2 3 6 7 8) (2 3 5 7) (2 3 5 6 8) (2 3 4 6 8) (2 3 4 6 7) (2 3 4 5) (1 6 7 8) (1 4 5 7 8) (1 4 5 6 8) (1 4 5 6 7) (1 3 7 8) (1 3 6 8) (1 3 5 6 7) (1 3 4 6 7) (1 3 4 5 8) (1 3 4 5 7) (1 2 5 7 8) (1 2 5 6 8) (1 2 4 8) (1 2 4 6) (1 2 4 5) (1 2 3 6 7) (1 2 3 5 8) (1 2 3 5 6) (1 2 3 4 7))
dual frequency = 19/32
primal frequency = 1/2
primal length = 58
dual length = 32
#nodes = 33
"-------"
primal = '((5 6 7 8) (4 5 7 8) (4 5 6 8) (4 5 6 7) (3 6 7 8) (3 5 7 8) (3 5 6 8) (3 5 6 7) (3 4 7 8) (3 4 6 8) (3 4 6 7) (3 4 5 7) (3 4 5 6) (2 6 7 8) (2 5 7 8) (2 5 6 8) (2 4 7 8) (2 4 6 8) (2 4 6 7) (2 4 5 8) (2 4 5 6) (2 3 6 8) (2 3 6 7) (2 3 5 8) (2 3 5 7) (2 3 4 8) (2 3 4 7) (2 3 4 6) (2 3 4 5) (1 6 7 8) (1 5 7 8) (1 5 6 8) (1 5 6 7) (1 4 7 8) (1 4 6 8) (1 4 6 7) (1 4 5 8) (1 4 5 7) (1 4 5 6) (1 3 6 8) (1 3 6 7) (1 3 5 8) (1 3 5 7) (1 3 5 6) (1 3 4 7) (1 3 4 6) (1 3 4 5) (1 2 7 8) (1 2 6 7) (1 2 5 8) (1 2 5 7) (1 2 5 6) (1 2 4 8) (1 2 4 7) (1 2 4 6) (1 2 3 8) (1 2 3 7) (1 2 3 5) (1 2 3 4))
dual = '((4 5 7 8) (3 6 7 8) (3 4 5 7) (3 4 5 6 8) (2 5 6 7) (2 4 6 7 8) (2 4 5 6) (2 3 5 7 8) (2 3 5 6 8) (2 3 4 7 8) (2 3 4 6 8) (2 3 4 6 7) (2 3 4 5 8) (1 5 6 7 8) (1 4 7 8) (1 4 5 6) (1 3 6 8) (1 3 5 7 8) (1 3 5 6 7) (1 3 4 8) (1 3 4 6 7) (1 2 6 7) (1 2 5 7 8) (1 2 5 6 8) (1 2 4 6 8) (1 2 4 5 8) (1 2 4 5 7) (1 2 3 7 8) (1 2 3 5) (1 2 3 4 7) (1 2 3 4 6))
dual frequency = 19/31
primal frequency = 30/59
primal length = 59
dual length = 31
#nodes = 35
"-------"
primal = '((5 6 7 8) (4 6 7 8) (4 5 6 8) (3 6 7 8) (3 5 7 8) (3 5 6 8) (3 5 6 7) (3 4 7 8) (3 4 6 7) (3 4 5 8) (3 4 5 7) (3 4 5 6) (2 6 7 8) (2 5 6 8) (2 5 6 7) (2 4 7 8) (2 4 6 8) (2 4 6 7) (2 4 5 8) (2 4 5 7) (2 3 7 8) (2 3 6 8) (2 3 6 7) (2 3 5 8) (2 3 5 7) (2 3 5 6) (2 3 4 8) (2 3 4 7) (2 3 4 6) (2 3 4 5) (1 6 7 8) (1 5 7 8) (1 5 6 8) (1 5 6 7) (1 4 7 8) (1 4 6 8) (1 4 6 7) (1 4 5 8) (1 4 5 7) (1 4 5 6) (1 3 6 7) (1 3 5 8) (1 3 5 7) (1 3 5 6) (1 3 4 8) (1 3 4 7) (1 3 4 6) (1 3 4 5) (1 2 7 8) (1 2 6 8) (1 2 6 7) (1 2 5 8) (1 2 5 6) (1 2 4 8) (1 2 4 7) (1 2 4 6) (1 2 4 5) (1 2 3 8) (1 2 3 7) (1 2 3 5))
dual = '((5 6 7 8) (4 5 7 8) (3 4 6 8) (3 4 5 6 7) (2 4 6 7 8) (2 4 5 7) (2 4 5 6) (2 3 6 7 8) (2 3 5 7 8) (2 3 5 6 8) (2 3 5 6 7) (2 3 4 7 8) (2 3 4 6 7) (2 3 4 5 8) (1 4 6 7 8) (1 4 5 6 8) (1 4 5 6 7) (1 3 7 8) (1 3 5 6 8) (1 3 5 6 7) (1 3 4 6) (1 3 4 5 8) (1 3 4 5 7) (1 2 6 7 8) (1 2 5 7) (1 2 5 6 8) (1 2 4 7 8) (1 2 4 6 8) (1 2 4 6 7) (1 2 4 5 8) (1 2 3 8) (1 2 3 6) (1 2 3 4 7) (1 2 3 4 5))
dual frequency = 21/34
primal frequency = 1/2
primal length = 60
dual length = 34
#nodes = 34
"-------"
primal = '((5 6 7 8) (4 5 7 8) (4 5 6 7) (3 6 7 8) (3 5 7 8) (3 5 6 8) (3 5 6 7) (3 4 7 8) (3 4 6 8) (3 4 6 7) (3 4 5 8) (3 4 5 7) (3 4 5 6) (2 6 7 8) (2 5 7 8) (2 5 6 8) (2 5 6 7) (2 4 7 8) (2 4 6 8) (2 4 6 7) (2 4 5 8) (2 4 5 7) (2 3 7 8) (2 3 6 8) (2 3 6 7) (2 3 5 7) (2 3 4 8) (2 3 4 7) (2 3 4 6) (2 3 4 5) (1 5 7 8) (1 5 6 8) (1 5 6 7) (1 4 7 8) (1 4 6 8) (1 4 6 7) (1 4 5 8) (1 4 5 7) (1 4 5 6) (1 3 6 8) (1 3 6 7) (1 3 5 8) (1 3 5 7) (1 3 5 6) (1 3 4 8) (1 3 4 6) (1 3 4 5) (1 2 7 8) (1 2 6 8) (1 2 6 7) (1 2 5 8) (1 2 5 6) (1 2 4 8) (1 2 4 7) (1 2 4 6) (1 2 4 5) (1 2 3 8) (1 2 3 7) (1 2 3 6) (1 2 3 5) (1 2 3 4))
dual = '((4 5 6 7 8) (3 5 6 7 8) (3 4 6 8) (3 4 5 7 8) (3 4 5 6 7) (2 5 6 8) (2 4 6 7 8) (2 4 5 7 8) (2 4 5 6) (2 3 6 7 8) (2 3 5 7 8) (2 3 5 6 7) (2 3 4 7 8) (2 3 4 6 7) (2 3 4 5) (1 5 6 7 8) (1 4 7 8) (1 4 6 7) (1 4 5 6 8) (1 3 7 8) (1 3 5 6 8) (1 3 5 6 7) (1 3 4 5 8) (1 3 4 5 7) (1 3 4 5 6) (1 2 6 7 8) (1 2 5 7 8) (1 2 5 6 7) (1 2 4 6 8) (1 2 4 5 8) (1 2 4 5 7) (1 2 3 7) (1 2 3 6 8) (1 2 3 5) (1 2 3 4 8) (1 2 3 4 6))
dual frequency = 11/18
primal frequency = 31/61
primal length = 61
dual length = 36
#nodes = 35
"-------"
primal = '((5 6 7 8) (4 6 7 8) (4 5 7 8) (4 5 6 8) (4 5 6 7) (3 6 7 8) (3 5 7 8) (3 5 6 8) (3 4 7 8) (3 4 6 8) (3 4 6 7) (3 4 5 8) (3 4 5 7) (2 6 7 8) (2 5 7 8) (2 5 6 8) (2 5 6 7) (2 4 6 8) (2 4 6 7) (2 4 5 8) (2 4 5 7) (2 4 5 6) (2 3 7 8) (2 3 6 8) (2 3 6 7) (2 3 5 8) (2 3 5 6) (2 3 4 8) (2 3 4 7) (2 3 4 6) (2 3 4 5) (1 6 7 8) (1 5 7 8) (1 5 6 7) (1 4 6 8) (1 4 6 7) (1 4 5 8) (1 4 5 7) (1 4 5 6) (1 3 7 8) (1 3 6 8) (1 3 6 7) (1 3 5 8) (1 3 5 7) (1 3 5 6) (1 3 4 8) (1 3 4 7) (1 3 4 6) (1 3 4 5) (1 2 7 8) (1 2 6 8) (1 2 6 7) (1 2 5 8) (1 2 5 7) (1 2 5 6) (1 2 4 7) (1 2 4 6) (1 2 4 5) (1 2 3 8) (1 2 3 7) (1 2 3 5) (1 2 3 4))
dual = '((4 5 7 8) (3 5 6 7) (3 4 6 7 8) (3 4 5 6 8) (2 5 6 7 8) (2 4 6 7 8) (2 4 5 6 8) (2 4 5 6 7) (2 3 6 7 8) (2 3 5 7 8) (2 3 5 6) (2 3 4 7) (2 3 4 6 8) (2 3 4 5 8) (1 5 6 7 8) (1 4 6 8) (1 4 5 6 7) (1 3 6 7 8) (1 3 5 7 8) (1 3 5 6) (1 3 4 7 8) (1 3 4 6 7) (1 3 4 5 8) (1 3 4 5 7) (1 2 7 8) (1 2 5 6 8) (1 2 5 6 7) (1 2 4 8) (1 2 4 6 7) (1 2 4 5 7) (1 2 4 5 6) (1 2 3 6 8) (1 2 3 6 7) (1 2 3 5 8) (1 2 3 5 7) (1 2 3 4 6) (1 2 3 4 5))
dual frequency = 23/37
primal frequency = 1/2
primal length = 62
dual length = 37
#nodes = 35
"-------"
primal = '((5 6 7 8) (4 6 7 8) (4 5 7 8) (4 5 6 8) (4 5 6 7) (3 6 7 8) (3 5 7 8) (3 5 6 8) (3 4 7 8) (3 4 6 7) (3 4 5 8) (3 4 5 7) (3 4 5 6) (2 6 7 8) (2 5 7 8) (2 5 6 8) (2 5 6 7) (2 4 7 8) (2 4 6 8) (2 4 6 7) (2 4 5 8) (2 4 5 7) (2 4 5 6) (2 3 7 8) (2 3 6 7) (2 3 5 8) (2 3 5 6) (2 3 4 8) (2 3 4 7) (2 3 4 6) (2 3 4 5) (1 5 7 8) (1 5 6 8) (1 5 6 7) (1 4 7 8) (1 4 6 8) (1 4 6 7) (1 4 5 8) (1 4 5 7) (1 4 5 6) (1 3 7 8) (1 3 6 8) (1 3 6 7) (1 3 5 8) (1 3 5 7) (1 3 5 6) (1 3 4 8) (1 3 4 7) (1 3 4 6) (1 3 4 5) (1 2 7 8) (1 2 6 8) (1 2 6 7) (1 2 5 8) (1 2 5 7) (1 2 5 6) (1 2 4 7) (1 2 4 6) (1 2 3 8) (1 2 3 7) (1 2 3 6) (1 2 3 5) (1 2 3 4))
dual = '((4 5 6 7 8) (3 6 7 8) (3 5 6 7) (3 4 5 7 8) (3 4 5 6 8) (2 5 6 7 8) (2 4 6 7 8) (2 4 5 7 8) (2 4 5 6 8) (2 4 5 6 7) (2 3 5 7 8) (2 3 5 6 8) (2 3 4 7 8) (2 3 4 6 8) (2 3 4 6 7) (2 3 4 5) (1 5 6 7 8) (1 4 6 8) (1 4 5 7) (1 3 5 7 8) (1 3 5 6 8) (1 3 4 7 8) (1 3 4 6 7) (1 3 4 5 8) (1 3 4 5 6) (1 2 6 7 8) (1 2 5 7) (1 2 5 6 8) (1 2 4 8) (1 2 4 6 7) (1 2 4 5 6) (1 2 3 7 8) (1 2 3 6 8) (1 2 3 6 7) (1 2 3 5 8) (1 2 3 5 6) (1 2 3 4 7) (1 2 3 4 6))
dual frequency = 12/19
primal frequency = 32/63
primal length = 63
dual length = 38
#nodes = 36
"-------"
primal = '((5 6 7 8) (4 6 7 8) (4 5 7 8) (4 5 6 7) (3 6 7 8) (3 5 7 8) (3 5 6 8) (3 5 6 7) (3 4 7 8) (3 4 6 8) (3 4 6 7) (3 4 5 8) (3 4 5 7) (2 6 7 8) (2 5 7 8) (2 5 6 8) (2 5 6 7) (2 4 7 8) (2 4 6 8) (2 4 6 7) (2 4 5 8) (2 4 5 7) (2 4 5 6) (2 3 6 8) (2 3 6 7) (2 3 5 8) (2 3 5 7) (2 3 5 6) (2 3 4 8) (2 3 4 7) (2 3 4 6) (2 3 4 5) (1 6 7 8) (1 5 7 8) (1 5 6 8) (1 5 6 7) (1 4 7 8) (1 4 6 8) (1 4 6 7) (1 4 5 8) (1 4 5 7) (1 4 5 6) (1 3 7 8) (1 3 6 8) (1 3 5 8) (1 3 5 7) (1 3 5 6) (1 3 4 8) (1 3 4 7) (1 3 4 6) (1 3 4 5) (1 2 6 8) (1 2 6 7) (1 2 5 8) (1 2 5 7) (1 2 5 6) (1 2 4 8) (1 2 4 7) (1 2 4 6) (1 2 3 8) (1 2 3 7) (1 2 3 6) (1 2 3 5) (1 2 3 4))
dual = '((4 5 6 7 8) (3 6 7 8) (3 4 5 7 8) (3 4 5 6) (2 5 6 7 8) (2 4 6 7 8) (2 4 5 8) (2 4 5 6 7) (2 3 5 7 8) (2 3 5 6 8) (2 3 5 6 7) (2 3 4 7 8) (2 3 4 6 8) (2 3 4 6 7) (2 3 4 5 7) (1 5 6 7 8) (1 4 6 7 8) (1 4 5 7 8) (1 4 5 6) (1 3 5 7 8) (1 3 5 6 8) (1 3 5 6 7) (1 3 4 7 8) (1 3 4 6 8) (1 3 4 6 7) (1 3 4 5 8) (1 3 4 5 7) (1 2 7 8) (1 2 5 6 8) (1 2 5 6 7) (1 2 4 6 8) (1 2 4 6 7) (1 2 4 5 7) (1 2 3 7) (1 2 3 6 8) (1 2 3 5 8) (1 2 3 5 6) (1 2 3 4 8) (1 2 3 4 6) (1 2 3 4 5))
dual frequency = 5/8
primal frequency = 1/2
primal length = 64
dual length = 40
#nodes = 35
"-------"
primal = '((5 6 7 8) (4 6 7 8) (4 5 7 8) (4 5 6 8) (4 5 6 7) (3 6 7 8) (3 5 7 8) (3 5 6 8) (3 5 6 7) (3 4 7 8) (3 4 6 8) (3 4 6 7) (3 4 5 8) (3 4 5 7) (2 6 7 8) (2 5 7 8) (2 5 6 8) (2 4 7 8) (2 4 6 8) (2 4 6 7) (2 4 5 8) (2 4 5 6) (2 3 7 8) (2 3 6 8) (2 3 6 7) (2 3 5 8) (2 3 5 7) (2 3 5 6) (2 3 4 8) (2 3 4 7) (2 3 4 6) (2 3 4 5) (1 5 7 8) (1 5 6 8) (1 5 6 7) (1 4 7 8) (1 4 6 8) (1 4 6 7) (1 4 5 8) (1 4 5 7) (1 4 5 6) (1 3 6 8) (1 3 6 7) (1 3 5 8) (1 3 5 7) (1 3 5 6) (1 3 4 8) (1 3 4 7) (1 3 4 6) (1 3 4 5) (1 2 7 8) (1 2 6 8) (1 2 6 7) (1 2 5 8) (1 2 5 7) (1 2 5 6) (1 2 4 8) (1 2 4 7) (1 2 4 6) (1 2 4 5) (1 2 3 8) (1 2 3 7) (1 2 3 6) (1 2 3 5) (1 2 3 4))
dual = '((4 5 6 7 8) (3 5 6 7 8) (3 4 6 7 8) (3 4 5 7 8) (3 4 5 6 8) (3 4 5 6 7) (2 5 6 7 8) (2 4 6 7 8) (2 4 5 7 8) (2 4 5 6) (2 3 6 7 8) (2 3 5 7 8) (2 3 5 6 8) (2 3 5 6 7) (2 3 4 7 8) (2 3 4 6 8) (2 3 4 6 7) (2 3 4 5) (1 5 6 7 8) (1 4 6 7 8) (1 4 5 7 8) (1 4 5 6 8) (1 4 5 6 7) (1 3 6 8) (1 3 5 7 8) (1 3 5 6 7) (1 3 4 8) (1 3 4 6 7) (1 3 4 5 7) (1 3 4 5 6) (1 2 7 8) (1 2 5 6 8) (1 2 5 6 7) (1 2 4 6 8) (1 2 4 6 7) (1 2 4 5 8) (1 2 4 5 7) (1 2 3 6 7) (1 2 3 5 8) (1 2 3 5 7) (1 2 3 5 6) (1 2 3 4 7) (1 2 3 4 6))
dual frequency = 28/43
primal frequency = 33/65
primal length = 65
dual length = 43
#nodes = 35
"-------"
primal = '((5 6 7 8) (4 6 7 8) (4 5 7 8) (4 5 6 8) (4 5 6 7) (3 6 7 8) (3 5 7 8) (3 5 6 8) (3 5 6 7) (3 4 7 8) (3 4 6 8) (3 4 6 7) (3 4 5 7) (3 4 5 6) (2 6 7 8) (2 5 7 8) (2 5 6 8) (2 5 6 7) (2 4 7 8) (2 4 6 8) (2 4 6 7) (2 4 5 8) (2 4 5 7) (2 4 5 6) (2 3 7 8) (2 3 6 8) (2 3 6 7) (2 3 5 8) (2 3 5 6) (2 3 4 8) (2 3 4 7) (2 3 4 6) (2 3 4 5) (1 6 7 8) (1 5 7 8) (1 5 6 8) (1 5 6 7) (1 4 7 8) (1 4 6 7) (1 4 5 8) (1 4 5 7) (1 4 5 6) (1 3 7 8) (1 3 6 8) (1 3 6 7) (1 3 5 8) (1 3 5 7) (1 3 5 6) (1 3 4 8) (1 3 4 7) (1 3 4 6) (1 3 4 5) (1 2 7 8) (1 2 6 8) (1 2 5 8) (1 2 5 7) (1 2 5 6) (1 2 4 8) (1 2 4 7) (1 2 4 6) (1 2 4 5) (1 2 3 8) (1 2 3 7) (1 2 3 6) (1 2 3 5) (1 2 3 4))
dual = '((4 5 6 7 8) (3 5 6 7 8) (3 4 6 7 8) (3 4 5 8) (3 4 5 6 7) (2 5 6 7 8) (2 4 6 7 8) (2 4 5 7 8) (2 4 5 6 8) (2 4 5 6 7) (2 3 6 7 8) (2 3 5 7) (2 3 5 6 8) (2 3 4 7 8) (2 3 4 6 8) (2 3 4 6 7) (2 3 4 5 6) (1 5 6 7 8) (1 4 6 8) (1 4 5 7 8) (1 4 5 6 7) (1 3 6 7 8) (1 3 5 7 8) (1 3 5 6 8) (1 3 5 6 7) (1 3 4 7 8) (1 3 4 6 7) (1 3 4 5 7) (1 3 4 5 6) (1 2 6 7) (1 2 5 7 8) (1 2 5 6 8) (1 2 4 7 8) (1 2 4 5 8) (1 2 4 5 7) (1 2 4 5 6) (1 2 3 7 8) (1 2 3 6 8) (1 2 3 5 8) (1 2 3 5 6) (1 2 3 4 8) (1 2 3 4 7) (1 2 3 4 6) (1 2 3 4 5))
dual frequency = 27/44
primal frequency = 1/2
primal length = 66
dual length = 44
#nodes = 35
"-------"
primal = '((5 6 7 8) (4 6 7 8) (4 5 7 8) (4 5 6 8) (3 6 7 8) (3 5 7 8) (3 5 6 8) (3 5 6 7) (3 4 7 8) (3 4 6 8) (3 4 6 7) (3 4 5 8) (3 4 5 7) (3 4 5 6) (2 6 7 8) (2 5 7 8) (2 5 6 8) (2 5 6 7) (2 4 6 8) (2 4 6 7) (2 4 5 8) (2 4 5 7) (2 4 5 6) (2 3 7 8) (2 3 6 8) (2 3 6 7) (2 3 5 8) (2 3 5 7) (2 3 5 6) (2 3 4 8) (2 3 4 7) (2 3 4 6) (2 3 4 5) (1 6 7 8) (1 5 7 8) (1 5 6 8) (1 5 6 7) (1 4 7 8) (1 4 6 8) (1 4 6 7) (1 4 5 8) (1 4 5 7) (1 4 5 6) (1 3 7 8) (1 3 6 8) (1 3 6 7) (1 3 5 8) (1 3 5 7) (1 3 5 6) (1 3 4 8) (1 3 4 7) (1 3 4 6) (1 3 4 5) (1 2 7 8) (1 2 6 8) (1 2 6 7) (1 2 5 8) (1 2 5 7) (1 2 5 6) (1 2 4 8) (1 2 4 7) (1 2 4 6) (1 2 4 5) (1 2 3 7) (1 2 3 6) (1 2 3 5) (1 2 3 4))
dual = '((4 5 6 7) (3 5 6 7 8) (3 4 6 7 8) (3 4 5 7 8) (3 4 5 6 8) (2 5 6 7 8) (2 4 6 7 8) (2 4 5 7 8) (2 4 5 6 8) (2 3 6 7 8) (2 3 5 7 8) (2 3 5 6 8) (2 3 5 6 7) (2 3 4 7 8) (2 3 4 6 8) (2 3 4 6 7) (2 3 4 5 8) (2 3 4 5 7) (2 3 4 5 6) (1 5 6 7 8) (1 4 6 7 8) (1 4 5 7 8) (1 4 5 6 8) (1 3 6 7 8) (1 3 5 7 8) (1 3 5 6) (1 3 4 7 8) (1 3 4 6 8) (1 3 4 6 7) (1 3 4 5 8) (1 3 4 5 7) (1 2 6 7 8) (1 2 5 7 8) (1 2 5 6 8) (1 2 5 6 7) (1 2 4 7 8) (1 2 4 6 8) (1 2 4 6 7) (1 2 4 5 8) (1 2 4 5 7) (1 2 4 5 6) (1 2 3 8) (1 2 3 6 7) (1 2 3 5 7) (1 2 3 4 7) (1 2 3 4 6) (1 2 3 4 5))
dual frequency = 30/47
primal frequency = 34/67
primal length = 67
dual length = 47
#nodes = 35
"-------"
primal = '((5 6 7 8) (4 6 7 8) (4 5 7 8) (4 5 6 8) (4 5 6 7) (3 6 7 8) (3 5 7 8) (3 5 6 8) (3 5 6 7) (3 4 7 8) (3 4 6 8) (3 4 6 7) (3 4 5 8) (3 4 5 7) (3 4 5 6) (2 6 7 8) (2 5 7 8) (2 5 6 7) (2 4 7 8) (2 4 6 8) (2 4 6 7) (2 4 5 8) (2 4 5 7) (2 4 5 6) (2 3 7 8) (2 3 6 8) (2 3 6 7) (2 3 5 8) (2 3 5 7) (2 3 5 6) (2 3 4 8) (2 3 4 7) (2 3 4 6) (2 3 4 5) (1 6 7 8) (1 5 7 8) (1 5 6 8) (1 5 6 7) (1 4 7 8) (1 4 6 8) (1 4 6 7) (1 4 5 8) (1 4 5 7) (1 4 5 6) (1 3 7 8) (1 3 6 8) (1 3 6 7) (1 3 5 8) (1 3 5 7) (1 3 5 6) (1 3 4 8) (1 3 4 6) (1 3 4 5) (1 2 7 8) (1 2 6 8) (1 2 6 7) (1 2 5 8) (1 2 5 7) (1 2 5 6) (1 2 4 8) (1 2 4 7) (1 2 4 6) (1 2 4 5) (1 2 3 8) (1 2 3 7) (1 2 3 6) (1 2 3 5) (1 2 3 4))
dual = '((4 5 6 7 8) (3 5 6 7 8) (3 4 6 7 8) (3 4 5 7 8) (3 4 5 6 8) (3 4 5 6 7) (2 5 6 8) (2 4 6 7 8) (2 4 5 7 8) (2 4 5 6 7) (2 3 6 7 8) (2 3 5 7 8) (2 3 5 6 7) (2 3 4 7 8) (2 3 4 6 8) (2 3 4 6 7) (2 3 4 5 8) (2 3 4 5 7) (2 3 4 5 6) (1 5 6 7 8) (1 4 6 7 8) (1 4 5 7 8) (1 4 5 6 8) (1 4 5 6 7) (1 3 6 7 8) (1 3 5 7 8) (1 3 5 6 8) (1 3 5 6 7) (1 3 4 7) (1 3 4 6 8) (1 3 4 5 8) (1 3 4 5 6) (1 2 6 7 8) (1 2 5 7 8) (1 2 5 6 7) (1 2 4 7 8) (1 2 4 6 8) (1 2 4 6 7) (1 2 4 5 8) (1 2 4 5 7) (1 2 4 5 6) (1 2 3 7 8) (1 2 3 6 8) (1 2 3 6 7) (1 2 3 5 8) (1 2 3 5 7) (1 2 3 5 6) (1 2 3 4 8) (1 2 3 4 6) (1 2 3 4 5))
dual frequency = 31/50
primal frequency = 1/2
primal length = 68
dual length = 50
#nodes = 35
"-------"
primal = '((5 6 7 8) (4 6 7 8) (4 5 7 8) (4 5 6 8) (4 5 6 7) (3 6 7 8) (3 5 7 8) (3 5 6 8) (3 5 6 7) (3 4 7 8) (3 4 6 8) (3 4 6 7) (3 4 5 8) (3 4 5 7) (3 4 5 6) (2 6 7 8) (2 5 7 8) (2 5 6 8) (2 5 6 7) (2 4 7 8) (2 4 6 8) (2 4 6 7) (2 4 5 7) (2 4 5 6) (2 3 7 8) (2 3 6 8) (2 3 6 7) (2 3 5 8) (2 3 5 7) (2 3 5 6) (2 3 4 8) (2 3 4 7) (2 3 4 6) (2 3 4 5) (1 6 7 8) (1 5 7 8) (1 5 6 8) (1 5 6 7) (1 4 7 8) (1 4 6 8) (1 4 6 7) (1 4 5 8) (1 4 5 7) (1 4 5 6) (1 3 7 8) (1 3 6 8) (1 3 6 7) (1 3 5 8) (1 3 5 7) (1 3 5 6) (1 3 4 8) (1 3 4 7) (1 3 4 6) (1 3 4 5) (1 2 7 8) (1 2 6 8) (1 2 6 7) (1 2 5 8) (1 2 5 7) (1 2 5 6) (1 2 4 8) (1 2 4 7) (1 2 4 6) (1 2 4 5) (1 2 3 8) (1 2 3 7) (1 2 3 6) (1 2 3 5) (1 2 3 4))
dual = '((4 5 6 7 8) (3 5 6 7 8) (3 4 6 7 8) (3 4 5 7 8) (3 4 5 6 8) (3 4 5 6 7) (2 5 6 7 8) (2 4 6 7 8) (2 4 5 7 8) (2 4 5 6 8) (2 4 5 6 7) (2 3 6 7 8) (2 3 5 7 8) (2 3 5 6 8) (2 3 5 6 7) (2 3 4 7 8) (2 3 4 6 8) (2 3 4 6 7) (2 3 4 5 8) (2 3 4 5 7) (2 3 4 5 6) (1 5 6 7 8) (1 4 6 7 8) (1 4 5 7 8) (1 4 5 6 8) (1 4 5 6 7) (1 3 6 7) (1 3 5 7 8) (1 3 5 6 8) (1 3 4 7 8) (1 3 4 6 8) (1 3 4 5 8) (1 3 4 5 7) (1 3 4 5 6) (1 2 6 7 8) (1 2 5 7 8) (1 2 5 6 8) (1 2 5 6 7) (1 2 4 7 8) (1 2 4 6 8) (1 2 4 6 7) (1 2 4 5 8) (1 2 4 5 7) (1 2 4 5 6) (1 2 3 7 8) (1 2 3 6 8) (1 2 3 5 8) (1 2 3 5 7) (1 2 3 5 6) (1 2 3 4 8) (1 2 3 4 7) (1 2 3 4 6) (1 2 3 4 5))
dual frequency = 34/53
primal frequency = 35/69
primal length = 69
dual length = 53
#nodes = 35
"-------"
primal = '((5 6 7 8) (4 6 7 8) (4 5 7 8) (4 5 6 8) (4 5 6 7) (3 6 7 8) (3 5 7 8) (3 5 6 8) (3 5 6 7) (3 4 7 8) (3 4 6 8) (3 4 6 7) (3 4 5 8) (3 4 5 7) (3 4 5 6) (2 6 7 8) (2 5 7 8) (2 5 6 8) (2 5 6 7) (2 4 7 8) (2 4 6 8) (2 4 6 7) (2 4 5 8) (2 4 5 7) (2 4 5 6) (2 3 7 8) (2 3 6 8) (2 3 6 7) (2 3 5 8) (2 3 5 7) (2 3 5 6) (2 3 4 8) (2 3 4 7) (2 3 4 6) (2 3 4 5) (1 6 7 8) (1 5 7 8) (1 5 6 8) (1 5 6 7) (1 4 7 8) (1 4 6 8) (1 4 6 7) (1 4 5 8) (1 4 5 7) (1 4 5 6) (1 3 7 8) (1 3 6 8) (1 3 6 7) (1 3 5 8) (1 3 5 7) (1 3 5 6) (1 3 4 8) (1 3 4 7) (1 3 4 6) (1 3 4 5) (1 2 7 8) (1 2 6 8) (1 2 6 7) (1 2 5 8) (1 2 5 7) (1 2 5 6) (1 2 4 8) (1 2 4 7) (1 2 4 6) (1 2 4 5) (1 2 3 8) (1 2 3 7) (1 2 3 6) (1 2 3 5) (1 2 3 4))
dual = '((4 5 6 7 8) (3 5 6 7 8) (3 4 6 7 8) (3 4 5 7 8) (3 4 5 6 8) (3 4 5 6 7) (2 5 6 7 8) (2 4 6 7 8) (2 4 5 7 8) (2 4 5 6 8) (2 4 5 6 7) (2 3 6 7 8) (2 3 5 7 8) (2 3 5 6 8) (2 3 5 6 7) (2 3 4 7 8) (2 3 4 6 8) (2 3 4 6 7) (2 3 4 5 8) (2 3 4 5 7) (2 3 4 5 6) (1 5 6 7 8) (1 4 6 7 8) (1 4 5 7 8) (1 4 5 6 8) (1 4 5 6 7) (1 3 6 7 8) (1 3 5 7 8) (1 3 5 6 8) (1 3 5 6 7) (1 3 4 7 8) (1 3 4 6 8) (1 3 4 6 7) (1 3 4 5 8) (1 3 4 5 7) (1 3 4 5 6) (1 2 6 7 8) (1 2 5 7 8) (1 2 5 6 8) (1 2 5 6 7) (1 2 4 7 8) (1 2 4 6 8) (1 2 4 6 7) (1 2 4 5 8) (1 2 4 5 7) (1 2 4 5 6) (1 2 3 7 8) (1 2 3 6 8) (1 2 3 6 7) (1 2 3 5 8) (1 2 3 5 7) (1 2 3 5 6) (1 2 3 4 8) (1 2 3 4 7) (1 2 3 4 6) (1 2 3 4 5))
dual frequency = 5/8
primal frequency = 1/2
primal length = 70
dual length = 56
#nodes = 35
"-------"
